236373067984
236373067986
236314036636
336215773252
236314036634
236373067990
236314036616
236373067992
236314036608
236314036601
336167069412
236314036676
236314036683
236314036694
236373067968
236448938533
336167069527
335879982263
336215773261
336215773265
236314036721
336215773269
336167069521
336215773270
336167069483
336215773278
336167069476
336167069471
236448938535
336167069435
236304345417
236304345416
236023633066
236296401106
236296401133
236296401129
236296401128
236296401119
236296401116
236296401110
336223709368
336223709370
336223709359
236296401103
336277787230
236296401096
236296401084
336223709371
236020932148
236020932143
336223709360
236296401149
236377829146
336223709342
336151170536
336151170532
336151170531
336151170529
236025450322
336151170524
336151170510
236025450325
236296401156
336151170502
336223709352
336223709354
236296401175
336223709356
236296401171
236296401160
236296401067
236296401066
236296401054
336146787371
336146787376
336146787375
336146787374
336146787372
236384193357
236384193367
236384193368
236384193371
236296401053
236384193372
336146787370
236384193381
236384193388
236384193389
236384193399
236384193401
336146787378
236384193354
336146787383
336146787384
236296401046
336151170494
336223709376
336146787406
336146787401
336146787399
336146787397
336277787235
236291712087
236291712086
336146787395
336146787393
336146787389
336146787387
336146787386
336151170541
336151170543
336151170544
236300120003
335883093995
336154762031
236377829190
336154762020
336154762019
336154762016
236300120005
236300120002
236377829198
236300120001
335883093999
236300119991
236300119978
236300119969
236377829195
236300119964
236377829185
336154762037
336154762042
336154762043
236304345408
236304345400
335883093985
236304345367
236377829157
236377829160
336154762072
336154762071
336154762067
236377829161
336154762064
336154762063
336154762058
336154762048
336154762044
236300119960
236001681635
336223709341
336223709335
336151170584
336223709333
336151170583
336151170582
336151170581
336151170575
335883094012
336151170573
236300119955
336151170572
336223709338
335883094014
236020932158
336151170552
336151170546
336223709340
336151170597
336151170600
336151170607
236300119923
336223709291
336223709294
236300119951
336223709295
236300119950
236300119944
236300119941
336273353460
236300119938
236020932163
336154762013
335883094005
336223709308
335883094007
236300119929
336170014018
336170014019
336170014030
236022408256
335881352261
335881352262
335881352268
236022408235
236022408237
336204957448
236022408245
336185349529
336204957421
236360992824
236022408264
236360992834
335881581016
236021001079
236360992846
335881581020
336204957429
335881352255
336209224550
236022201139
336204957392
236341384019
236341384012
236341384011
236341383995
236341383993
236341383980
236022201142
335881352252
336204957411
236448938326
236022201149
336204957412
335881352244
336204957417
335881352250
236360992848
236360992857
236360992866
336209224526
336183754265
336183754261
336183754260
336209224519
236332741349
336209224521
336209224525
236332741346
236360992867
336209224531
336209224532
236332741341
236332741339
236332741338
336209224544
236332741337
336183754267
336183754278
336183754283
336183754286
336183754319
236360992876
336183754312
336183754311
336183754308
336183754307
236360992884
336183754300
336183754298
236360992898
236021001075
336209224493
336209224500
336183754292
336183754288
236356498964
236341384035
236341384043
336200957648
335880057525
336200957617
336200957628
336200957643
336200957645
236345112295
236345112293
336200957658
236345112227
236345112281
236345112269
236345112257
236345112250
236345112247
236022201121
236345112242
335880057523
336194400895
336200957593
336200957592
336277786724
336196998864
236352194547
236352194564
335855438847
236348012406
236348012401
236352194584
236348012396
236021001094
335880057518
336194400909
336200957584
336200957588
336194400906
236345112240
236022201125
236341384045
336191306626
336191306653
236356498930
336191306651
336191306648
236356498932
336191306643
336191306631
236341384071
336191306716
236341384069
236341384068
236341384064
236356498958
236341384058
236356498959
236356498960
336191306654
236356498929
336191306658
236356498928
336191306710
236022201126
236356498905
336191306705
336204957375
336191306695
336191306690
336204957378
336191306680
336204957379
336191306677
236356498912
336191306662
336191306661
336191306660
336209224545
336209224554
336170014031
336174066396
336174066474
236322180682
236322180677
236322180675
236322180674
236022582230
336174066402
336174066393
236022582229
336174066386
236368270348
236322180503
236322180502
236322180498
236368270351
236322180496
236368270336
336174066477
236332741329
236325870456
336177495068
336177495053
336177495038
336177495037
236368270325
336177495004
236325870491
236325870453
336174066478
236022582215
236325870443
236325870441
236368270330
236325870431
236368270332
236022582222
336174065811
336174065806
336174065791
336170648765
236322179877
336215773219
236322179873
336170648792
336170648789
336170648774
336170648773
236318329516
336174065789
236318329515
236318329508
236318329503
236318329494
336170014038
336170014035
336170014032
236322179882
236322179886
236322179887
236322179888
336174065783
236368270361
236448938523
336174065759
236322179943
236368270371
236368270374
236322179923
336215773197
336215773199
236322179895
236022582236
336215773204
336174065746
336174065744
335881635247
336177495082
236368270324
236332741281
336212716044
236332741292
236332741291
336212716045
236332741286
236332741285
236332741284
336212716054
236364818694
236020932203
336212716067
336212716075
336212716080
236332741276
236332741274
336212716084
236332741299
236332741301
236332741302
236332741304
236364818618
236364818628
236364818634
236364818645
236332741325
236364818648
236332741319
335879982290
236364818657
236364818668
236364818686
236332741313
236020932210
336212716033
236332741305
336212716087
236332741270
336177495085
336277786986
336180455717
236368270301
336180455708
236368270306
336180455697
236329376081
236368270317
236329376058
336212716089
236329376040
236329376035
236325870506
236325870505
336177495117
336177495112
236368270319
236368270295
336180455726
336180455735
336180455739
336277786975
236368270257
236368270274
336183754257
236022453126
336183754241
336183754236
236332741260
236332741254
236329376103
236329376100
236329376096
236329376092
236329376091
236368270292
336146787365
236384193402
236384193407
336114538579
236463196623
336114538604
336114538599
336114538598
336114538593
336114538586
336114538582
336114538578
236254643397
236463196627
336114538576
236441805406
336114538575
236463196629
336288599474
336114538572
336114538615
236254643410
336109849889
336114540588
236006825644
236260580264
336285926925
336114540643
336114540635
336285926931
336114540621
336114540579
236254643443
336114540578
336114540575
236254643456
236254643450
236254643448
236006825641
236006825636
336114538570
336114538568
236254639828
236254639748
236254639761
335859166622
335863682588
236463202883
236254639755
236254639752
236254639749
236254639741
236254639819
336109849904
336109849903
336109849902
336109849899
336109849898
336109849896
336109849894
236463202881
336288599500
236254639765
336114538523
236254639815
336288599478
236254639810
336288599479
236254639785
236254639780
336114538565
336114538564
336114538561
336114538557
336288599490
335859166617
336114538555
336114538550
336114538533
236260580287
336119706313
335888442772
336123980278
336123980297
336123980296
336123980291
336123980288
236455188431
336123980285
236006825664
336123980266
336123980228
236455188446
336123980244
336123980243
336123980242
336123980236
336123980233
336123980230