236398857706
236398857707
336136762864
336136762858
236160997625
236279868746
236279868744
336273353081
336024684213
236029653954
236158633961
336240449805
335954367896
236441805565
236029653922
335954367882
336281902863
336240449826
336024671221
236158633956
236158633960
236158633963
335954367848
236158633980
236158633986
336273353082
335954367857
335954367856
336240449837
336024684196
336024684206
236398857678
336024684212
336240449851
236279868740
236279868735
236400696298
336028072532
336132718834
336132718833
336132718812
336132718794
236029653947
336132718782
336029139781
336132718780
236275061869
336241656958
336240449854
236275061868
236275061857
336241656964
236162218057
236275061851
236275061848
236093856865
236275061845
336029139808
236275061833
336028072529
336028072528
336028072519
336240449889
336240449857
236279868721
236279868719
336240449864
236161240745
336240449866
236279868705
236279868702
236093856918
336240449868
336240449870
336240449872
236161240760
236057475897
336273353072
336028072505
336240449879
336240449881
236093856900
336240449883
336028072512
236039781062
336196998835
335897867206
336265244121
236463203436
236057015856
236184649038
336104163125
236463204069
236188137097
236180640769
336265244120
236247208097
335891514258
335947041084
236188137054
335863469862
336051729549
236188137053
236188137090
336054952233
236428022223
236006319397
236091694706
336288602586
236180640775
236188137066
236180640783
336047659234
236006510101
236188137114
336263124825
335947041075
336054952216
236002773159
336263125426
336263124826
336288602348
335927624412
236188137072
236002773150
336054952225
336108025409
336263125432
336263124829
236188137068
335888442788
336045998212
236091694700
335897867203
236249280299
336051729515
236179051107
236006319396
336054952184
236179051096
335888442779
236188137036
336109849835
236249280287
236006319385
236188137041
236428022224
336054952179
236184649033
236005282766
236184649047
335947041045
336109849874
236239886921
236091694755
236005282769
236188137121
336101357603
236006510106
236463204084
236463204076
336288602575
336101357605
236002773181
336051729519
236430292645
336288602597
335888442781
336054952189
336101357610
236249280263
236057015859
236242946972
336277787234
336158610918
336162308784
236223332777
336191306666
336191306667
336158610926
236223332820
236126141877
336021074527
336158610941
236161240759
236279868687
336087097221
236242946983
336028072513
335916868790
236448938328
236341383998
236341383996
236196693538
236127699624
236029653946
236127699627
236188137037
336011834193
236161240774
336108025356
336053125030
335881762291
335922512349
336108025363
335987398172
336086381021
236341384001
236341384003
336104163127
336086381010
236161240777
236223332857
236155704404
236242946986
336277787223
336086380956
336075932933
235998125191
236341384053
236341384051
236308753599
236127368222
335885069494
336277787236
236341384025
236465855930
335982256868
335984412900
236348012418
336009823787
236348012431
336154762022
236146941759
236057475908
236223184676
236223184677
236029730013
236348012408
236143782311
335909203082
236029730006
236218466164
336291175916
236123888209
335855438846
236123888214
336277786735
336288602945
236043243805
236296401176
335916868765
336277786727
336151170567
336056378461
236287343687
335978243777
236223184614
236287343706
236146941804
236057475917
236287343674
236300119953
336056378468
336024671124
236057475911
336151170545
236466048111
236348012446
336154762066
236465855920
336021074580
335889611274
336277787226
236162218055
236345112284
236287343750
336104163052
236029653931
236193280191
236126141797
336104163067
236296401104
336059934458
336059934459
236057475898
236224088945
335984412894
336054952175
236242946971
236124127839
336136762888
236348012399
336194400871
336277786736
236218466124
236466047610
335900649349
236218466102
236242946928
236304345378
236123914791
236025450334
236050505513
336088203320
335842649983
236029730004
335846355129
236225349539
236029653928
336291175562
336053125023
236165112512
236029729987
236314036609
336180455742
236455188433
335990562353
236455188434
236317466238
336281902895
236140289581
236322179875
236322179878
335996332245
236322179889
336180455706
336174065748
336180455701
336180455696
236329376075
336281902899
236329376064
236329376046
336180455748
236040908281
336108025408
236224076028
236455188354
336034190485
336183754245
336108025383
336183754244
336146787368
336108025396
336183754237
236332741261
236223372516
236332741259
236131988975
236317466216
336151170608
236332741257
236140289597
236332741251
336108025404
335891368021
236137594178
336291021436
335996332321
236040861260
336174066480
236140289499
336146787358
335996332293
335891294600
335897867199
335996332320
336174065756
236322179936
336114538546
336086437737
335891294592
336174065809
336086437740
236050505640
336174065779
236039781070
236040861269
236137594236
236223372563
336016681181
236329376033
236022453148
336174065753
335891368019
336146787351
236022453162
335891368009
236032669055
236322179919
236140289507
336108029247
236047253901
236325870461
236032669046
236032603680
236137594225
335891294608
236140289509
236291712027
335888442758
336183754250
335891227710
236130557360
336183754316
336183754309
236287343699
236247201861
336183754294
336183754293
236029729985
336183754262
236465861117
236247201871
336167069481
236332741348
236332741347
336003456360
236332741345
236332741344
236032573378
335891227682
336051729556
335989166133
335905424974
236314036626
236314036628
336087097172
236314036640
236314036641
236314036642
335901052388
336087097171
236465861141
336143110305
236032538188
236465861127
236247201851
236455188371
336183754366
336183754365
336183754360
336183754359
236332741335
236332741333
335990474559
236332741279
336167069534
336288602356
336291021629
335909203035
336277786970
236455188355
236057093076
335891514267
335881635237
236314036745
335990432324
236332741277
236332741273
335891514268
236057093068
335990432333
236332741267
236332741266
236332741287
236332741298
236332741330
236332741321
336167069489
236268663536
236131758355
335891514264
335851479668
236131758358
336143110325
236268663527
336063106237
236142445389
236131758371
236332741318
236314036716
335990348355
336086437656
336019159039
236332741310
335881762284
336009823720
236030703680
335940234242
335935243293
336223709375
335924047438
335925745846
236428020349
236428019383
336204957422
236020833275
236428019389
335879982286
236400707337
236081155722
335940234258
335925745828
236091694770
336277786473
236098648453
335942848359
335942848340
236083493904
336277786467
236384193411
236102845291
236098093093
236003594286
236065992852
336263122198
236083493919
236364818663
236377829194
336200957685
236087318074
236003033453
236044227667
335925745841
335935342843
336223709337
335976442724
336204957446
335940234231
236006873504
236428018817
335935342839
236003033461
335901052857
236020932153
236368270339
335940234256
335952030062
236001681636
335940234257
335961833018
335902199837
236003594284
335925745851
236065992860
236003594276
335976442717
236081155750
335864119461
236081155751
236081155752
236081155753
335935342829
236081155755
236072533763
335971072940
236081155759
335860367732
236081155760
336263122548
335860367744
335935856311
236081155763
335971072944
335952030042
236044220458
335940234223
236356498937
236081155748
236081155747
236084819284
236081155746
335930943139
236081155735
335930943138
236072533777
236081155737
335930943136
236065992857
236102845245
236384193434
236384193439
236081155739
236081155740
236072533754
236003594279
236081155742
335942848365
236441805899
236364818636
336263123792
236081155743
236083493902
336228694181
236081155745
236006873517
236368270360
335947041004