236106357556
236223372529
335902188756
236377829196
236377829197
236104323561
336223709309
236104259942
336223709306
236020932161
236104259943
236020932165
335891267022
335963112356
236223372521
336223709293
236030672339
236223372523
336223709287
335902188758
236104323549
336223709280
336223709277
236223372525
236030672338
336223709273
336223709272
236377829159
336066939650
336219847357
236377829103
236377829119
236106357589
236106357592
236377829115
236106357594
336066939627
236223372541
236106357598
236106357604
236106357605
236106357606
236377829156
236106357607
335965186991
335965186992
335965186993
236373069060
335965186994
336219847363
335965186995
335965186999
335965187000
236020932174
236377829121
236377829122
236106357588
236377829155
236377829154
236106357559
236377829151
236106357569
335891267023
236377829148
236020932169
236106357571
236106357573
236106357574
236377829142
335891267024
236377829140
236377829139
236106357583
335902188748
236377829134
236106357586
236087318085
236377829126
335902188721
336215773241
336209224506
236364818683
336212716042
336212716038
336212716037
336212716036
236200900151
335972743002
236114321305
236114321333
236114321394
236364818684
335879982278
236044218192
335879982283
236364818674
335972743017
335972743021
335972743022
236364818659
335972743023
236044218190
236364818656
236364818655
236114321299
336086437728
335902188715
236044218201
236044218203
336212716074
336212716073
336212716071
336212716070
336212716069
236044218202
236020932199
336212716064
336212716063
336212716061
236020932206
236044218200
336212716059
336212716058
236044218198
236044218197
336212716053
336212716052
336212716051
336212716050
236044218194
236364818654
335972743026
236044218186
336209224518
336209224530
336209224529
336209224528
336209224527
236118111905
236044218181
336209224524
336209224523
236118111907
236118111909
336209224517
236364818647
336209224516
336209224515
336209224514
336209224513
336209224512
336209224511
336209224510
336209224509
336209224508
236118111914
236200900146
336209224533
336209224537
236021001072
236118111877
236364818644
236364818641
236364818640
236364818638
236118111878
236118111882
236118111884
236118111886
236118111887
236118111891
236118111893
336209224551
236044218185
336209224549
236021001070
236118111896
236118111897
236021001071
336209224542
336209224540
336212716076
336212716077
336212716079
236200900189
236112537205
336215773198
236112537207
236112537216
336215773194
335891267030
236112537221
236032603683
236112537228
236368270362
335902188689
236368270337
335879982274
335902188688
335971072903
236368270350
236368270349
335971072905
335902188687
236020932183
236368270341
335902188686
336215773202
336215773203
335902188695
336215773205
335902188714
336215773234
335891267029
335902188707
336215773230
336215773229
335902188706
336215773226
236223372573
335902188701
335902188700
335902188699
236112537191
336215773214
336215773213
336215773212
336215773211
335902188697
336215773209
336215773208
336215773207
236368270338
336086437713
236200900152
236368270276
236368270290
236368270288
335971072959
236368270284
236368270283
236368270282
236368270281
236368270280
236368270279
236368270278
236044218213
236020932195
236044218212
236044218210
236044218209
236044218208
236364818693
236364818690
236044218207
335971265934
336212716083
336212716081
335971072937
236368270297
236368270300
236368270305
335902188685
236368270331
335971072930
236368270329
335902188679
236368270326
236200900187
236112537241
236368270323
236020932198
236368270321
236368270320
236200900177
236112537261
236044218217
236368270314
236368270313
236368270312
236368270311
236368270310
236200900171
335862450691
236242946990
236044227619
236455188366
236455188392
236455188390
336075948321
236455188386
236455188382
236455188375
236455188373
335905424972
335905424971
335905424967
236455188365
236223332817
235994487142
336075948315
236455188357
335905424963
336086208067
335889927363
335905424956
336277787244
336086208070
236210269564
335889611271
236049202458
236455188397
236455188401
335889927353
336086208054
236455188420
335916213579
236057093063
336281902880
336281902878
236057185060
236049202488
336281902875
236214673489
335889927362
336281902871
336281902868
336281902867
336281902866
236057475910
236049202482
336075948324
336281902860
236049202463
335905424951
335905424949
236047253921
336075948295
236030672350
335850344179
336075948291
335850344180
336075948290
335850344184
236064418315
236223332789
336075948283
235995416303
235995416305
236030672348
336277786968
335922512308
336075948277
236223332797
236223332803
336075948264
336075948259
236448938346
236223332816
336075948294
336075948302
336086208072
336075948307
236047253910
236210269562
236047253906
235994487144
236047253904
335918117196
336277787227
335889927364
236030672355
335889927366
336277787221
336086208085
336277787219
336086208086
336086208090
336086208092
236448938530
336075948310
336086208094
236448938526
236448938524
335916213573
336086208049
236455188432
236463196613
236463196611
236463196610
236463196609
236463196607
236463196606
236057015898
335889648287
336285926942
336086208015
236057015904
236057015905
236057015907
236057015909
236057015910
335889611276
336086208020
236460390601
236460390596
336086208021
335916213495
336086208024
236463196612
236463196615
335916213502
236463196616
236218466109
236057015882
336288599480
236057015883
236057015884
336288599477
336288599476
335907541459
336288599472
236463196633
236463196631
236463196630
236057015888
236463196628
236057015893
236463196625
236463196624
236218466099
236463196622
236463196620
236463196619
236030972437
236030972441
336079140178
236460390551
236030972450
335907541448
236030972451
336086208041
336086208042
336281902904
236030972452
335916213544
336281902901
335916213548
335916213552
335916213555
335916213556
335916213559
336281902892
335916213562
236455188440
236455188439
236455188438
236455188435
335916213566
336086208036
236030972449
335916213507
336086208033
236030972442
236030972443
335916213510
236460390577
335916213513
236030972444
335907541451
336285926915
335916213520
336285926908
336285926907
335916213523
336285926903
336285926899
336285926896
235994487121
235994487124
336285926890
335916213524
335916213526
236460390560
335922512336
236210269541
336288599484
236069443227
236069443213
236069443215
236069443216
236069443218
236069443223
236001681642
236001681643
236001681644
236069443224
236069443225
236069443228
335851479684
236441805722
236069443230
236069443232
236069443233
236001681647
236069443234
236069443235
236441805711
236069443238
236001681648
236069443211
236001681641
236069443208
236069443207
236210269497
236441805898
236069443187
236001681639
236069443188
236069443189
236069443190
336273353454
336086380944
236069443192
236069443193
236069443195
236441805890
236069443196
236001681640
236069443199
236069443200
236069443202
236069443203
236069443204
236069443205
236441805708
236069443239
236069443240
335905424919
236069443267
236069443272
336273353083
335927624306
335927624309
335927624311
335927624312
335927624314
335927624315
335927624318
335927624319
335927624320
335927624321
335927624322
335927624323
335927624324
335927624325
236441805558
335927624326
236001681650
335927624328
236069443266
236069443264
236069443241
236210269492
236069443242
236069443243
236069443244
236069443245
236069443246
336273353092
236069443247
236069443248
236069443249
236069443250
336273353085
236069443252
236069443253
236069443254
236069443255
236069443256
236069443258
236069443259
236069443260
335889927373
236069443262
236001681638
236441805901
236441805902
236065948091
236448938169
236448938168
236448938167
236065948106
236065948112
236047253895
335855172270
236210269531
236065948116
336277786739
236065948117