336104163140
336104163141
236242946980
336053282139
336053282140
236247201820
236247201819
236247201818
236247201817
336053282141
336053282144
336053282149
236242946982
236247201811
236247201809
236247201808
236188137032
336104163161
236188137078
236188137039
236242946985
236188137044
336104163142
236247201862
236247201864
336045998216
335888442782
336108025430
336108025429
336108025428
336108025427
236180640779
336108025425
236180640780
236180640781
336108025422
336108025421
236180640782
236247208074
236180640784
336108025417
335891514270
236180640791
236180640792
336108025413
236180640793
236180640794
236180640795
336108025407
236247201995
236180640778
336051729536
336045998226
336045998218
336045998220
236247208105
336045998222
236247208102
236179051117
236179051118
236247208098
236179051120
336045998225
236180640760
236180640777
236180640763
236180640767
336047659217
236247208088
236247208087
336047659220
335891514271
236180640770
236247208078
236247208077
236180640796
236180640802
236180640805
335888442794
336108025372
336108025371
336047659254
336047659257
336047659258
336047659262
236247201885
236184649041
236247201883
335891514265
236247201879
336108025403
335891514262
336104163094
236247201876
236247201875
236247201873
336051729526
335891514260
236247201870
236247201868
336051729529
336108025373
336108025374
336108025375
336108025376
336108025402
336047659225
336108025400
336108025399
336047659228
336047659241
336108025394
336047659243
336108025392
336047659245
336047659246
336047659247
336108025387
336108025386
336108025385
336047659248
336047659251
336108025382
336108025379
336108025378
336108025377
336114538530
336114538532
236039781074
236260580245
236260580257
236260580254
236260580253
236260580252
236260580251
236260580250
236260580249
236260580248
236260580247
236260580246
236260580244
236260580259
236260580243
236260580242
236260580241
236260580240
236260580239
236260580238
236260580237
236260580236
236260580235
236260580234
236260580258
236260580260
335898706300
236260580274
236260580285
236260580284
335888442777
236260580282
236260580280
236260580279
236260580278
236260580277
236260580276
236260580275
236260580273
236260580261
236260580272
236260580271
236260580270
236260580269
236260580268
236260580266
236260580265
335898706298
236260580263
236260580262
236260580233
236260580232
236260580231
336114540615
336114540626
336114540625
336114540624
336114540623
336114540622
236040861279
336114540619
336114540618
336114540617
336114540616
336114540613
236260580230
336114540612
336114540611
336114540610
336114540609
336114540608
336114540606
336114540605
336114540603
336114540602
336114540601
336114540627
336114540628
336114540629
336114540630
236260580229
236260580228
236260580227
236260580226
236260580225
236260580224
236260580222
236260580221
236260580220
236260580218
236260580217
336114540642
336114540641
336114540639
336114540638
336114540637
335898706295
336114540634
336114540633
336114540632
336114540631
236260580286
236260580288
336114538534
336119706328
336119706340
336119706339
336119706338
336119706337
336119706336
336119706335
336119706334
336119706332
336119706331
336119706330
336119706327
336119706342
336119706326
336119706325
336119706324
336119706322
336119706321
336119706320
336119706319
336119706318
336119706316
336119706315
336119706341
336119706343
236260580290
336119706358
336119706363
236260580315
236260580313
236260580312
236260580311
236260580308
236260580307
236260580306
336119706362
336119706359
336119706357
336119706344
336119706355
336119706354
336119706353
335898706308
336119706351
336119706350
336119706349
336119706348
336119706347
336119706346
336119706314
335898706307
336119706312
236260580305
336119706275
336119706274
336119706273
336119706270
336119706269
336119706268
336119706267
336119706264
336119706263
336119706262
236260580304
336119706309
236260580303
236260580302
236260580301
236242946954
236260580298
335898706302
236260580296
236260580295
236260580294
236260580292
336119706276
336119706277
336119706278
336119706279
336119706308
336119706307
336119706306
336119706304
336119706301
336119706300
336119706298
336119706297
336119706295
336119706294
336119706293
336119706291
336119706290
336119706289
336119706288
336119706286
336119706285
336119706284
336119706283
336119706282
336119706280
336114540600
336114540599
336114540598
236254639813
236039793585
236254639829
236254639824
236254639823
236254639822
236254639821
335888442778
236254639818
236254639816
236254639814
236254639812
236039793586
236254639811
335897867235
236254639809
236254639808
236254639807
236254639806
236254639805
236254639804
236254639803
236254639802
336114538569
236039793587
336114540596
336114538589
336114538600
236039793595
236188137105
336114538597
336114538596
336114538595
336104163042
336114538592
336114538591
336114538590
336114538588
336114538573
336114538587
336104163047
336114538583
336104163048
336114538581
236032821195
336114538577
236032821196
236039793588
336114538574
236254639801
335897867232
236254639799
336114538549
336114538560
336114538559
336114538558
236029729998
336114538556
335897867216
336114538554
336114538553
336114538551
335897867214
336114538547
236254639798
336114538545
336114538544
336114538543
336114538542
336114538541
336114538540
336114538539
336114538537
336114538536
336114538535
336104163065
336104163063
335897867223
236254639770
236254639795
236254639794
236254639792
236254639791
236254639790
236254639789
236254639788
236254639787
335897867227
335897867226
236254639783
236254639782
335897867225
236254639779
236254639778
236254639777
236254639776
236254639774
236254639773
236254639772
236254639771
336114538601
336114538602
336114538603
236040861261
236254643459
236254643457
236040861267
236254643455
236254643454
236254643453
236254643452
236254643451
236040861266
236254643449
236254643447
236254643432
236242946956
236254643445
236254643444
236242946957
236254643442
236254643441
236254643438
236254643437
236254643436
236254643435
236254643460
236254643461
236254643462
336114540570
336114540595
336114540594
336114540593
336114540591
336114540590
236040861278
336114540586
336114540584
336114540583
336114540582
336114540581
336114540580
236040861276
236040861273
336114540577
336114540576
236040861271
336114540574
336114540573
336114540572
336114540571
236254643434
236254643431
236039793597
336114538617
236254643399
236254643398
236254643395
236254643394
236254643393
236254643391
236254643390
236254643389
236254643388
336114538618
336114538616
236254643430
236039793599
336114538614
336114538612
336114538611
236039793598
336114538609
336114538608
336114538607
336114538606
336114538605
236254643401
236254643402
236254643403
236254643404
236254643429
236254643427
236254643426
236254643425
236254643424
236254643423
236254643421
236254643420
236254643419
236254643418
236254643417
236242946959
236254643415
236254643414
236254643413
236254643412
236254643411
236039793601
236254643409
236254643408
236254643405
236043243390
236154125272
236043243391
336177495081
236137594189
236137594190
236137594191
335881635242
236137594193
335881635244
236137594194
236137594195
236137594196
236137594198
335881635246
236022453150
236137594199
236137594203
335901052309
236137594205
335881635249
236137594207
335881635254
335881635257
236137594208
335881635263
236137594188
236325870503
236137594170
236329376036
236030703684
236329376056
236329376055
236329376053
236137594173
236137594174
236329376044
236137594176
236137594179
236329376037
236137594180
236137594185
236329376034
236137594181
236329376032
236329376029
236137594182
236137594183
336177495126
236022453149
236325870510
236137594184
335881635266
236137594209
236137594210
335996332287
236022582224
335996332272
335996332273
335996332274
335996332276
336063106246
335996332279