335961832984
335961832985
236066036546
236152158228
335961832987
236112537246
236152158224
236214673498
236152158222
236152158221
236214673496
336066990475
236152158218
236152158216
236152158215
236214673493
336066990467
335902199852
236152158286
336016681164
336016681171
336162308824
236200954951
236102845237
236214673509
236102845241
336016681166
336016681165
336016681162
236152158289
336016681161
336277787220
336016681160
336016681158
236102845247
236102845248
336162308819
336162308816
236214673510
236102845229
236137594159
236200954949
236200954937
336075948279
236152158314
236152158313
336180455692
335958482933
236200954939
236200954942
236152158307
236152158306
336170014037
236152158304
236200954945
336016681180
336016681179
335958483724
336016681176
336016681152
236102845249
336016681150
336016681119
336016681117
336016681114
236102845282
336016681112
336016681111
336016681110
336016681109
336162308796
236214673505
236102845288
236152158303
236112537257
236102845290
336075932907
236308753640
236152158293
236102845292
236102845280
236102845276
236112537265
236112537259
336016681147
336066990456
336016681144
336016681140
236112537262
336016681136
336075932912
336075932911
336016681133
236214673508
236102845254
236102845256
236102845258
336075932909
236102845261
236102845263
236214673506
236102845325
336066990492
236448938528
236146941782
236322179927
236210242950
236210242949
236146941790
335996332322
236223353170
236210242923
236322179929
236210269556
236210269553
236146941780
236112537211
236112537220
236210242925
236210242926
336075932884
236223353169
336174065792
236322179924
236210242952
236210242953
335924092916
335905424004
336174066390
335971072907
236322179913
335860138768
335971072906
236210242975
336291023952
236210242971
236210242967
236044227677
236210242959
336158610871
236210242958
236322179921
236210242956
236322180497
335996332335
335971072896
236214673485
335971072880
236146941745
335997602349
336075932867
236304345395
336075932869
236146941739
336075932876
336075932872
236304345389
335971072895
336075932874
336277787228
336174065762
336086381029
335971072891
335971072889
335997602344
335971072884
236138554870
336075932864
236304345407
335971072892
236146941765
336277786455
236322179939
236322179940
336075932881
335971072873
236138554864
336005620064
336005620066
335971072875
336005620069
236146941756
236210242940
236210242942
335971072879
336075932879
236210242944
335902199883
336075948316
336009823726
236066036550
236287343731
336075948299
336066990509
336066990510
236214673474
236137594235
236210243001
335961833017
236214673471
336174066394
336066990513
336066990515
236214673470
236112537193
336066990516
336066990517
335961833028
236112537194
335971072925
236214673475
236214673476
335961833009
336075932892
236214673484
335918037569
236308753583
236223372491
236066036549
336066990498
335902199856
236214673483
236214673478
336066990501
236137594221
236448938520
236322179872
336075948292
236214673477
236112537192
335961833029
336162308765
335961833032
336162308744
236322180676
335924092912
336174065752
236210242991
236308753544
236210242988
236210242987
336086410137
335902199879
335924092914
336009823749
236322179910
336009823741
335918117188
336075948317
336009823737
236210242980
335924092911
236112537197
336066990520
336066990530
236066036553
335902199899
336066990521
236210242994
336066990523
336066990524
236102845964
336162308759
236214673465
236214673462
336066990526
336162308758
236322180684
336162308756
336066990528
335996332286
236112537195
335958482928
336174065766
236066036544
336079140164
336079140171
236455188396
236441805710
336079140168
336143110263
336079140166
336143110266
236137594153
336143110282
335902199847
336066939626
336019159101
336079140160
236210269542
236098648522
336143110280
236441805706
336079140172
336066939620
335889927369
336079140176
336167069464
336143110251
236441805586
336291021440
236108086953
336066939608
336167069451
236155704395
336066939614
236332741289
336143110254
336079140174
236098648499
336079140173
336019159094
336019159092
236098648550
336143110306
336066939640
336079140152
335971072983
236154125262
336143110303
335971072979
336066939643
336075948262
236332741272
336273353244
336079140151
236098648549
335971072977
336143110312
336143110313
335902199910
336215773231
336143110300
336273353241
336143110299
236314036707
336079140158
336079140157
236441805720
336143110289
336066939632
336079140154
236049202529
236441805727
336079140153
336019159074
336019159073
236441805730
336066939639
236098648538
236006873528
336021074505
336021074506
236398857634
336021074568
336079140196
336021074566
336021074565
236287343747
236398857635
336021074553
335989166179
336079140177
236155704444
236200900206
236287343749
236155704441
336079140195
236398857630
335916868770
336167069547
236314036723
335916868769
236210269505
236044227581
236287343732
336277786463
336021074584
236398857650
335989166140
336079140197
335989166144
335989166152
335989166164
335989166166
236200900203
236287343741
236044220434
236314036734
236287343751
236155704434
236155704430
236210269529
336143110245
336143110246
336066939580
336079140185
336021074530
336066939582
236098648472
336079140184
336079140182
336021074523
236210269493
336079140181
336066939592
336066939595
336066939597
336079140186
236210269528
336079140194
336066939571
236155704426
236002879232
236155704425
336167069490
236155704424
336079140193
336079140192
236118111869
236155704418
335916868775
236287343761
236210269527
336079140188
236200900216
336079140187
336143110315
336079140162
236214673525
236384193460
236308756654
236200954894
335958482871
236308756652
236329376101
336066939660
236214673512
336162311897
236214673517
236441805895
236137594145
335924092908
335958482860
336277787239
335924092907
236291711951
236308756649
236308756648
336066939654
236200954924
336180455705
336066939652
236200954913
236214673516
336075932925
236152159002
236200954925
336162311904
236137594128
236214673523
336162311908
236448938529
236308756659
236308756662
236291712020
336180455731
336019159011
236308756657
236223372502
236154125188
335958482880
236200954877
236154125185
335971072941
335924092910
336180455711
236200954918
236214673521
236154125180
336162311913
335996332250
236200954886
236214673515
336162311893
236214673522
335924092909
236200954887
336162311900
336162311910
236200954898
236066036542
336075932917
236455188361
236112537268
336273353254
336066939646
236200954902
336019159069
236200954929
336016681188
336180455721
236200954932
336016681186
236200954903
336180455724
236066036541
236154125205
336180455698
336162308834
236200954905
336075948266
336273353251
336016681183
236200954906
336079140150
336162308830
336277786459
336273353259
336019159066
335958482846
236314036623
336016681195
335879982253
335971072965
236066036543
236448937939
336075932918
336066939648
336016681196
336079140149
336016681197
336075948270
336273353263
335958482854
236137594140
236154125210
236137594144
336228694174
336086380943
336288602928
336101357540
236428021955
236223332846
336263124830
236223332844
236223332842
336288602927
335860138776
336101357547
336101357561
336104163062
336101357559
336086381026
236428021956
236421503087
236428018803
336086208095
336101357558
336086380982
236002879207
336101357542
336101357545
336086380969
236223332795
236428021949
236428021947
336086380936
336086380934
236223332851
236465855915
236421503084
336086381028
336104163077
236223332862
336086208088
236223332852
236223332861
236428021946
236223332853
336086380980
336104163083
236223332855
236428021945
236466047071
236242946933
336263124824
236002879216
336088203337
336086208089
236428021950
336086380940
236223332850
236239886907
236223332849
336086208091
336086381027
236239886903
236239886899
336104163068