336086437718
336121693687
236072533764
236126141867
236168861527
236072533749
335855364087
336273353237
235994487134
236093856934
336086730995
336081617296
336081617298
335978243799
236093856868
335963112347
236187391092
236074736634
335978243750
235702792435
335855172264
336081617299
335864119487
236076854951
335850344187
236308753603
236055643305
236077843327
335804228627
336036087727
336263122167
336086730996
335855364069
236428020358
336051729550
336036087719
335467023313
336036087715
336121693684
336051729530
235994487130
236055643311
335851479681
235999827020
335462630990
336162311896
235994487132
335938986777
236168861508
236168858599
236138554877
236012290348
236428021652
336081617301
336032868360
335938986782
335961832982
336053282150
335850344190
236098648501
336082005485
335976442738
236214895409
336263123238
236118111900
236098648556
235976544311
235950054412
236098648535
236368270357
236138554871
236168858605
236012322958
236200900125
335942848296
236074736629
335996332244
236081155728
335819516743
335914930335
236114321264
236012361036
236087318066
235656827395
336277786469
335855364085
335897867215
335804228608
236119847138
236137594171
236057185069
335850344176
236131886373
335842649979
336288599489
335961832974
335934018589
235994487138
236012202473
335889927361
236131797197
336146787367
236112537247
236098648452
236247201844
336167069484
335842649993
236029729994
236384193378
335869944578
335957908532
236291712010
235999987016
235998125201
336146787288
335855172233
236214673459
336191306696
335832208690
236003033463
236069443237
235707390729
336263123804
235688610819
236325870451
335952030078
236003085003
335871646407
236400700911
235719860771
236140289585
335855172238
335871589219
335855172237
335871483799
335846410123
236400707332
236114321319
335522786908
236003033452
236065948083
236421501154
336257757226
236279868688
236065992850
336151170553
336101357563
335832208679
236067656954
236067656972
335925745827
335875585446
335985716632
335535307820
336263123227
236013748790
236162218056
335855364066
236296401124
236137594168
335930943189
236398857716
335833852170
236012361047
335966892467
236400696282
335524761236
236341384049
335870140202
335819578532
236356498945
236087318134
336273353266
335870032244
336104163044
236126141809
236017891530
236012361048
236023633053
235954458352
336005370292
235973364125
335860138763
335907541455
335971072946
336143110260
336162308751
336086208066
236158633965
236308753611
236155704369
336240449842
235688548389
236223184685
235998125197
236441805719
236006319366
336162308752
236308756651
236304345401
236093856928
236108086956
336180455700
336034190460
236322180499
235688974763
236076310870
236225349508
236003144177
236079886821
236091694718
236023829986
335871646411
335901052808
236140289506
236138554867
236204171431
236360992838
236204171433
335902199835
335972743030
336086730991
236384193430
236360992826
236204171442
236224076070
335916213554
236044227585
236220817213
335938986786
336215773228
236356498901
236223637363
236356498935
335999935924
335916300590
336079318372
336081617290
336079318369
236118111895
335907541488
335857068693
236206353993
236043244174
236206353990
236214895412
236225349511
336081617287
335532469124
336223709313
336086730981
236300119939
236079747888
236043244247
236389665956
236057185070
236197604365
335984412956
336056355911
336054952239
336263124313
335871646408
336054952212
335553546849
336034190458
336263125420
336034190468
236126141836
335871483784
236441805413
335984412915
236168858561
336036087696
336036087698
335984412975
236069443229
336177495051
336255881168
236409499362
236409499369
236197604355
336063509569
335976442655
236419170308
236419171699
336255882676
335952030038
335976442656
235998125188
236196693535
336101357566
236428018767
335976442674
236329376068
336121693686
336273353264
236168858610
335958482852
336277786973
236254643392
236098648485
335978243725
235955511329
236006510077
335958482847
236076310857
335869944579
336288602570
336288602580
236463204073
336051729551
335958482902
336162311901
335863682584
336036090312
335468039724
335475352217
336121693681
336273353450
336036087720
335869988035
235955857763
336121693683
335869988029
236168861512
235955839887
236262905652
236168861514
235955812609
336121693679
236168861520
336277786471
236168861523
236262905656
236197604357
336063509552
336241680566
336143110297
336233038603
336088203324
235998125205
336085052105
236118111957
236112537234
236398857646
236112537209
236029653934
336233038598
236118111961
336143110267
236059103909
336085052116
336240449833
236002879188
236154125221
336066895562
336233038599
236389665970
336019159030
236389303843
336067131751
236143952076
336067131749
335842589420
336067131746
335916416036
335916416038
236221801825
236389555047
235865941744
335971072972
236057475912
236221801843
236389636190
236221801844
336233009134
335916868784
236200954904
336066895558
236223637350
236130557328
336066864949
336158610897
335987426391
335523390956
236336956602
335936899761
335987426390
236155704376
236223637352
336090267055
336090267054
236227673487
336187498651
236227673483
336063913316
236200803325
236059103926
336066864955
236336956599
236400719096
236227673480
335918037578
336063913313
236398857699
335990474566
236057015900
236131988971
236076428661
336082005498
335789557054
335935205911
336086208023
335832208647
236076310861
335935412225
336086208079
235998307221
336086380938
236136818310
236124127836
336086208051
335935412235
335935342833
335830032001
236325870401
335938575790
236325870482
235999937961
336177495083
236223184635
336086207996
236329376097
236317466205
335850344185
236013515723
236022582238
336263125409
236242946916
335883094016
236013625610
336034000040
235949753527
236025450353
235987986055
236242946923
236242946932
236275061825
335888442791
235948579595
236391558052
335530145234
336104163085
235697175356
335870209412
236039781072
335897887177
236039793596
236022582240
336240449861
336075932868
335871589238
336263122157
236091694754
235998125189
335496061387
335875609402
235949980409
235821106680
336021074594
335522786912
236189623290
236189623289
236428020362
335871682214
235964593402
236013706454
236400700906
236165575323
236013674972
236087318126
335952030070
336132718785
336104163113
236017891524
336075932887
235634095441
236083493974
236296401130
335869944533
236012202482
236296401174
336051729552
336104163118
335864119468
335857144116
336219847340
335655603360
335855172228
235972475173
336047659218
236000045292
236368270335
336151170593
236364818620
236118111901
236184649051
335851479659
236296401108
335997602345
235688974764
236102845293
335496415198
236308753622
236102845244
336016681142
335952030020
236304345363
236398857694
236308753592
336158610872
236102845316
236308753615
336143110264
235998125196
335855364089
336162308842
235998125226
236441805729
236308753631
236308753641
235998125224
236304345369
236441805716
236152158237
236029653941
336277786960
335935342847
236223372552
335935342854
336086437763
236104259915
336132718809
236308753606
335976442680
335935412255
236076854945
335952030037
236098093096
236106357575
236102845271
236239886914
236223372535
236308753593
236098093092
336101357591
335657287899
335935205923
335855364081
236077843330
336162308839
335952030098
236098093098
335952030097
236247201812
335657637685
235995416294
335935412243
335961832993
335961832990
335963112342
336126967261
236076488862
335961832988
335957908525
236268663529
336114538562
335976442684
235994487145
335963112375
236091694799
235994487146
236268663440
336132718787
236268663437
335963112324
335952030054
335961832939
236102845302
236104259921
236104323557
336132718789
335832208684
236106357580
335971265935
336154762017
236114321262
235998307229
336146787400
336146787385