336257757000
336257756999
336257756998
335935263216
236076385650
335935284341
335905423928
335860138757
336086381011
236421501033
236421501032
236047252107
236421501029
336086381007
335905423933
236421501027
336257757017
336257757235
336257757234
336257757232
335905423941
336257757227
236210243004
336257757224
336257757223
336257757222
336257757221
336257757220
336257757215
236421501162
236421501160
335905423938
236421501158
236210243002
236421501153
236421501152
236210243000
336257757021
236047252100
236421501023
236002879215
236047252058
336257756596
236210242972
236002879201
236047252054
236210242955
236076854952
236421499602
236421499601
335935856314
236421499599
236421499598
236047252051
236421499589
236421499586
236421499585
236421499580
236047252044
236047252040
236047252038
236077869363
236077869367
336257756597
236047252059
236047252096
336257756601
236421501021
236047252087
236047252083
236047252075
236076488858
236421501005
236421501003
236002879196
236210242978
236421500999
336257756619
336257756615
236047252066
236047252062
335935412232
336257756608
336086381016
236047252061
336086381017
336257756604
336257756603
236083493903
335902199827
335927624332
335944390509
335944390501
335860812251
335860812252
335944390502
336086410112
335944390505
335860812253
335860812254
335944390506
335944390508
236087318033
236083493914
335860812259
236087318036
335860812265
236087318038
236087318042
236087318054
236044227626
236003615505
236087318060
236003615506
335944390499
336086410111
335944390495
335860812250
236084819272
236003594280
236003594281
236032538193
336086410104
236084819283
236084819285
236003594282
236084819291
335944390466
335944390469
335944390472
236003594289
236003594293
236003594294
336086410105
236032538195
236032538196
335982051399
236032538197
335944390494
236003615508
236087318062
236032538199
236005282770
236005282771
335891227677
236005282773
236005282774
335947041030
236087318077
236087318078
236005282781
236005282782
236087318080
236005282785
236005282786
236005282787
236005282788
236005282789
236005282790
236005282791
335862450686
335862450689
236087318081
335862450690
335947041025
236223353176
236003615510
335947041022
236003615511
236087318071
236003615512
236087318072
236003615513
236003615514
335891227676
335947041006
236005282756
236005282757
236005282759
236005282760
236005282761
335947041012
236005282762
335947041018
236005282763
236005282765
236044227624
236005282767
236005282768
336086410102
236084819270
236084819269
236003085002
236003085004
236003085005
236044227657
236044227656
335860313916
335942848297
335860313919
335942848299
335942848301
335860313924
335860313925
236003144148
236044227649
335942848308
335942848310
335942848314
335942848316
236044227648
236044227645
335942848332
236044227640
335942848285
236083493971
335942848344
335889927383
236083493916
335902199825
335902199823
335902199819
335902199818
236083493932
236083493933
335902199816
236083493939
236083493941
335902199815
236083493947
236083493949
236083493950
236083493951
236083493956
236083493957
335902199813
236083493960
335889927381
236083493966
236044227639
335942848345
236084819268
335942848376
335942848378
335942848381
335942848382
335942848384
236084819244
335860367741
236084819245
236032538189
236084819247
236084819248
236084819250
236032538190
236084819254
236084819255
236084819256
336086410100
236084819258
236084819260
236032538191
236084819263
236084819264
335860367736
335942848375
236044227638
236044227628
236044227637
335860367720
335942848351
335860367722
236044227633
335942848357
236044227631
335860367723
335942848360
335942848361
335860367724
335860367725
236044227630
236032538187
335942848366
335860367726
335942848367
335942848370
335942848371
236044227629
335942848373
336257757236
336257757238
236421501333
335930943101
236072533706
335905424912
336086380954
236428021957
236072533709
236047253879
236072533712
336075932943
335930943099
335930943100
335930943103
335905423944
336075932940
335930943106
336075932939
236072533715
236428021944
336263124318
335860049457
236072533717
236072533718
236072533719
336263124819
236072533705
335927624417
335927624415
335927624402
335860049452
236428022230
335927624403
236069443271
335860049453
236069443273
236069443274
335860049454
335860049455
236069443275
236069443276
236069443277
236069443278
236069443281
335927624406
335927624407
335927624408
335927624409
335927624411
335905424913
236072533721
336263124304
336075932937
236072533738
236072533740
236002773226
236072533742
236072533743
236002773228
236072533745
336086380965
236047253866
335860049480
335860049481
236047253865
236072533751
335860049486
236072533753
236072533755
236072533756
236072533758
335860049488
236072533759
236072533760
336075932934
236072533739
236072533737
335860049477
236002773215
236072533724
236072533725
236072533726
236002773190
236072533727
236072533728
236072533729
236428021641
236428021640
336086380962
236002773194
336086380963
236072533732
236072533733
236002773201
236428021631
236002773203
236002773204
236428021628
236072533734
236072533735
336263125417
335860049451
335927624401
335927624353
335859166614
236441805402
335859166615
335927624355
335859166616
335927624359
335927624360
335927624361
335859166618
335859166619
335859166620
335927624362
335927624364
335927624365
335927624366
335927624367
335927624368
335859166625
335859166626
335927624369
335927624370
335927624354
335927624352
335859166629
335859166612
335927624333
335927624335
236001681651
335927624336
335927624339
236001681653
336273352927
335859166604
335927624340
335927624343
335927624345
335859166607
335859166608
335927624346
335859166609
335927624347
335859166610
335927624348
335927624349
336086380952
335859166611
335859166628
335859166630
335927624398
335927624379
335927624381
236002773168
236002773169
236002773171
236002773174
236002773175
335927624382
335927624385
335927624387
236002773183
335927624388
335860049442
335927624389
335860049446
335860049447
335927624390
335927624391
335927624394
335927624396
335927624397
335860049449
335927624380
236002773147
335927624371
335927624378
335859166631
335859166633
335859166634
335859166635
335927624372
335859166636
335859166639
236002773126
335927624373
236002773127
236002773129
236002773130
236002773131
236002773132
335927624374
236002773135
236002773137
236002773142
236002773143
335927624376
335927624377
336263123774
236072533769
236072533770
236421503730
236421503726
236421503722
336257758862
336257758860
336257758859
335930943195
335930943197
336257758856
336257758855
335930943199
336257758853
336257758850
336257758849
236421503101
236421503094
236421503093
236421503092
335905424000
236421503088
335905423999
236421503086
236421503729
236421503731
335905423995
236421503732
335930943179
335930943180
236428018743
335930943182
236002879189
335930943183
336257759486
336257759479
336257759476
336257759470
336257759468
335930943184
336257759465
336257759461
336075932894
236030672347
335930943188
335930943191
236421503750
335930943193
236421503735
236421503085
236421503083
335860093874
335905423973
335905423968
336257757666
335905423962
335905423958
336257757661
335905423957
335905423953
335905423952
335860138756
336257757646
336257757639
336257757626
236076310853
236421501353
236421501351
236421501350
336086380998
236421501341
236421501340
236421501339
236421501338
336257757668
236421502015
236421503082
236421502018
236421503081
336257758221
336257758219
336257758218
236047252127
336257758216
336257758214
336257758201
236047252121
336257758198
335860138750
336257758196
336257758192
236421502033
236421502031
236421502030
236421502028
236047252109
236421502023
236421502020
335905423986
335930943178
236428018799
236072533771
236047253856
236072533801
236072533803
236072533804
236002840398
336075932921
236002840400