235998265526
335923988360
335923988373
335855438845
236047253894
335923988383
335923988397
335923988405
336277786719
236065948122
335855172225
236223332836
335855438848
236065948085
236223332828
335922512350
335922512351
236065948055
236065948056
335851479689
236065948059
236223332832
236065948061
236065948065
236065948069
335923988325
335923988331
335923988337
236223332835
335923988350
235998125185
236065948080
336277786758
336277786757
236047253899
336277786715
236065948123
236001681637
335857144125
236047253882
335857144128
335905424946
335905424940
236223332856
236448937941
236210269510
335857144137
236210269501
336086380937
236067656986
336086380939
335889927372
335905424929
236001681633
335905424928
336273353464
336086380941
336273353461
335905424926
335905424924
236047253886
335924047444
236065948124
236210269523
335855438852
236448938144
236047253893
335855438853
236065992848
236448938139
336277786485
335855438854
236065992849
236065992851
335855438855
236210269526
236065992854
335855438858
236065992855
236223332843
236065992862
335924047431
335924047432
335924047437
335924047441
336288599483
336288599485
336248489886
336291021630
236050505594
336291021640
336291021639
236223184654
336291021637
336291021636
236050505598
336291021633
336291021632
336082005508
236050505603
236465856374
336291021627
336291021626
336291021625
336291021624
236465856934
236465856933
236465856930
236465856929
236465856927
236465856924
336291021642
236050505593
336291021644
336291021646
236050505561
236223184645
236050505565
236465861123
236465861122
236050505568
236465861120
336291023946
336291023945
336291023944
236050505569
336291023942
236050505571
236465861116
236465861115
236465861114
236050505587
336291021654
336082005510
236050505592
336291021647
236465856922
236465856921
236465856920
236465856389
236223184658
335909202984
335909202986
236465856384
336082005506
236465856382
335909202993
236223184660
336082005505
335909202999
335909203001
335909203003
336291021420
336291021419
335909203006
335909203008
336291021414
335909203009
335909203011
336082005503
336082005494
236050505637
236050505629
236050505604
236050505628
236465856918
236050505605
236050505606
236050505608
336082005507
236465856910
236465856908
236050505613
236465856906
236050505615
336291021438
336291021437
236050505616
236050505617
236050505622
236050505623
236050505626
336291021431
336291021430
335889611299
336291021428
236050505560
236050505558
236465861130
335819368501
336291175925
336291175924
336291175922
336291175921
336291175920
335907541531
335889648266
335819368503
335889648267
236223184626
236466047622
236466047614
236466047613
335907541539
335819368504
236466047608
335907541540
335842589416
236223184627
236050505518
335889648269
335907541530
335907541526
236050505534
335819368498
236049202527
236049202536
236030703704
236049202546
236049202550
236223184616
236030703707
236049202556
236049202512
335907541498
335819368495
335889648260
335889648261
236049202506
335907541509
236223184621
335907541512
335889648263
335889611304
236049202504
335907541523
236223184632
236466047597
236465861131
236466047068
236466047066
236466047065
236466047064
236466047063
236050505538
236050505539
336291023957
236050505544
236050505546
236050505549
336291023953
236050505550
236050505552
336291023950
336291023949
236050505554
236050505555
236465861140
335889611302
236223184644
236465861132
236050505533
236223184642
236050505535
236466047070
236050505536
236223184634
236223184636
335909202974
335909202980
335909202981
336291175555
336291175552
335909202987
336291175550
336291175549
335889648277
336291175545
336291175544
336291175543
236223184641
335909202991
236050505527
236466047074
236466047072
236050505530
336082005493
236465856373
336288599486
236463203435
236463203447
236463203445
236463203444
236463203443
236463203442
236463203441
236463203440
236463203439
236463203437
236218466141
236463203434
335909203019
236057015847
236463203432
236463203431
236463203430
236463203429
336288602363
335889611290
336288602360
336288602359
336288602358
236463203448
236463203450
236463203451
236057015844
336288602577
236057015840
236218466153
336288602574
336288602573
336288602572
336288602571
336288602569
336288602568
336288602567
336288602566
336288602565
236218466148
336288602562
236463203461
236463203460
236463203459
236463203458
236463203456
236463203455
236463203454
336288602357
236057015850
336288602355
236218466126
236463202884
236057015871
236463202882
236218466112
236463202880
236463202879
236463202878
236463202877
236463202876
236463202875
236463202874
236463202873
236463202870
336086208008
336288599498
336288599497
335907541460
236057015876
336288599492
336288599488
236057015878
236463202885
335907541464
236218466136
236218466130
336288602350
335907541470
236057015854
336288602347
336288602346
336086208000
336288602342
336288602340
336288602339
335889611286
336288602337
336288602336
336288602335
336288602334
335889611279
236463202895
236463202894
236463202893
236463202892
236463202891
335907541465
336288602578
336288602579
336288602581
335909203058
236465855936
236465855935
236465855934
236465855932
236465855931
335909203060
236223184672
335909203063
236223184675
335909203067
335909203069
335909203071
335909203072
335909203073
236465855913
335907541486
336082005480
335909203081
335909203083
335909203085
336288602955
335909203059
335909203057
335909203088
335909203056
335909203033
236465856370
335909203034
336291021232
335909203036
335909203037
336291021230
335909203039
335909203040
335909203041
335909203043
335909203048
335909203050
336291021222
336082005492
335909203053
335909203054
336291021218
336291021217
336291021214
335909203055
335909203087
336288602948
336288602582
236463204071
335889611294
236218466158
236463204065
236463204062
236463204061
335916213473
336288602598
335916213474
335916213477
336288602595
336288602593
336288602592
336288602591
336288602590
335916213479
336288602588
335916213480
335889648282
336288602585
335916213487
236057015839
236463204070
236218466162
336288602946
236057015837
236055643308
335907541479
336082005477
336288602941
336288602939
336288602936
336288602935
336288602932
336288602929
236057015824
236057015825
236223184684
236463204091
236463204090
236463204085
336082005474
236057015833
335889648281
236463204080
236223184694
335907541473
335927624329
335927624330
335927624331
236044227670
236044227680
335860138775
236079492009
236079492011
335938575787
335938575789
236003033449
335889927377
236044227672
236044227671
236044227669
236083493905
236044227663
335902199889
236003033456
335902199888
335902199887
335902199884
335902199881
236003033459
335902199876
236003033460
335902199891
335860138772
236210242938
335860138770
236047252032
236002879217
236047252031
236002879221
236002879225
236047252027
236002879235
335936926529
236077889358
335902199909
335902199907
335902199905
236077889367
236077889368
335902199900
236223353156
335936926544
335902199896
335938552614
335938552620
236079472077
335902199875
335902199873
335902199871
335860237599
335940234225
335940234226
335889927378
236210242922
335940234230
335889927379
335860237600
335860237601
335860237602
336086410093
335940234254
236083493879
236003084989
236003084990
236083493883
236083493888
236083493892
236083493896
335902199828
236083493901
236003084995
236210242931
335860237598
335902199868
236210242932
335860237577
335902199861
335860237581
335860237582
335902199857
335860237584
335902199854
236081155718
236081155719
236081155721
236081155725
335860237587
236081155729
236223353160
236030672346
236081155734
335860237595
236081155738
236081155741
236081155744
236081155749
236047252035
336075932870
335936899759
336257757014
336257757012
336257757010
336257757009
336257757007
336086381009
335935243300
336257757002
236076369761