236223184628
236239886897
236239886895
336257757620
236239886894
236223332865
236003615515
236239886876
336101357565
236239886872
236223332798
236428021953
236239886867
236239886865
336257757225
236239886856
236002879184
336086380949
336101357569
336086380978
236223332814
336086380986
236005282780
236242946958
336263124821
335860138752
336086380953
236421503761
236242946929
236242946955
236223332776
236223332815
236242946950
335862450695
236466047062
336257757653
336263124823
336104163051
336086381001
236421503089
336086381003
336086380972
236421501335
336086380973
336257759451
236223332773
336257758858
336257758854
336086380997
336086380988
236463204068
236223332806
336263124822
336086380992
236223184617
336086380968
336086380970
336086380966
336104163049
236223332807
236242946914
236421502035
336086380964
336086380959
236005282778
236223332787
236223332811
236421502029
236421501343
236223332813
336086380996
336086380958
336086380957
236223184613
336086380971
236223332801
236223332784
236223332823
236030672349
336104163059
236463204072
336086381012
236239886917
236239886916
336101357597
336101357594
336257759467
336104163057
236223332788
336101357589
336101357588
336086381013
336101357587
336101357585
236223184622
336086380979
236223184624
335860138766
336086380947
336263124314
236223332840
236223184625
236463204059
336086381014
336101357582
336101357578
236428021959
336101357571
236239886918
336086208097
236223332839
236463204097
336257759458
336086380984
236223332793
336257758857
336101357617
336257757231
236223184618
236223332824
336257757230
236466047067
236223332826
236223332829
336101357612
335889611306
336101357611
335862450696
336104163055
236223184619
236223332771
336257758200
236223184615
336101357604
336263124820
336086381008
236239886924
336263124816
236466047069
236223184668
236223184629
336086437698
336086437696
336086437695
236428019407
336086208056
336086208012
236002840395
236003144150
336263123224
236428019403
236003144156
336086437686
236466047605
336086437685
336086437683
236003144158
336086208011
336086208010
336086208013
336086437705
236003144162
336086437708
236223372530
236421501015
236465856379
335888537538
236223372527
336086208017
336291021418
336257757664
336086208052
236223372520
236223372519
236223372517
236003085007
236223372513
335860237597
236223372499
336086437711
236466047607
236421501016
236224076052
236223184704
335889611293
236003144168
236223184696
336086437667
236224076027
336291175919
236223184693
236421501030
236003144170
336086437659
236223184690
335860138760
236223184683
236428021212
236223184681
236002840389
236223184679
236421501026
236428019399
336086208007
236223184705
336086437682
336263123225
336086208006
336086437675
336257757663
336086208003
336086207999
336104163084
236003144166
236421501022
336263123226
336086207995
236223184710
335860237588
236223184708
335860093865
236421499600
336086208019
236003085001
336263123215
336086437720
335860313900
236003084991
336086437722
335860313901
336086437724
336291175557
336291175554
336086437725
336086437729
236223372567
236223372564
336257756611
236223372562
236223372561
236223372558
336291175566
236223372554
336257756610
236003084997
236465856385
236003084992
336263122557
336257756595
336086208045
236428020346
336257756599
336257756600
336257756605
336257756606
336086208040
336263122553
236002879198
236223372574
236223372575
336086208039
336086208034
336086437719
336086208032
336086208047
336086437732
336257756590
336086208029
236223372534
336086437759
336086437762
236421501001
336086437768
336086437771
336086437776
336086437780
336086437783
336086437789
336086437795
336086208025
336263122549
236421501014
236030672332
236030672331
236465856386
336086437756
336086437754
336086437752
336086208028
236223372549
236223372548
336263122550
336086437735
236223372543
236465856907
236465856911
236421499605
336086437747
336086208048
236223372537
236465856914
236466047596
236466047598
336086208050
336257756612
236428021220
336086437657
335860049458
336263122176
236465861137
336086410097
336086410095
236465861138
336086410094
336263122160
336087097210
236223353172
236002879206
236002773229
336086208075
236223184646
336087097216
336257757005
236002773218
236003594296
336257757006
336086208073
336086410098
236002773212
236002773239
336086410114
236428018813
236003033454
336263122179
336087097203
336291021211
336086410108
336086410106
336086410103
336086208069
336087097205
336086208071
336263122177
236428021262
336086410099
336087097206
336291021209
336263123822
236428021625
236428019392
236223353157
236223184631
336257757016
335860049478
335860812256
236225349506
236428021648
335860049463
236225349527
335860812260
336291023947
236421501151
236003033450
236223353151
336263124309
335860138777
236421501156
336088203319
236223353155
236223353158
335860812249
336257757654
236224088930
236224088932
336086208078
236465855929
236428021636
236223184639
236428021642
236223353168
236030672345
336087108278
336087108281
236428021643
236223353162
336087108288
336086208084
336257757008
336087108290
336086208068
336086410116
236421499579
335860367733
236223184666
335860049494
336087097157
336255881160
335860049492
335889611295
236223184662
236223372483
236223372479
335889611272
236223184659
335860367748
236003033462
335860049490
336087097163
236223372477
336087097170
236223184667
236003033464
335860093868
236223372484
236223372500
236421499590
236428021225
236223372493
236223372492
236421501038
335860237579
236223372490
236003033466
236224076057
236223372489
236223372486
236223184670
336257757001
335860367727
336263123764
336263123765
236223184656
236223372476
236223372475
236223372472
336086208064
236421499583
336087097192
336086410128
236003594277
336086410120
236223353188
236428018816
236465860141
236003033457
236223353180
236223184650
236223184648
336291023943
236465861121
236223353177
236223353175
236223184653
336086410129
336291021651
335860049487
336086208060
236223372471
336257757003
336291021641
236428018824
336263123784
336263123787
336291021219
336087097181
336087097177
236223372466
236223372465
236223372460
336086208063
236223372459
336291021213
236223332858
335880057503
336104163089
236308753571
236308753594
236373068008
236308753584
236308753580
236373068013
236373068016
336277787224
236308753567
335881762299
336162308790
236373068017
335879982243
336162308768
336162308763
236023633050
236373068020
236308753610
236308753616
236373068003
336162308792
335879982247
335881762292
336162308804
336162308803
336219847330
336219847339
336162308795
236308753635
335881762298
236308753629
236308753628
236308753627
336219847344
335881762295
335881762296
336219847345
336162308749
236373068021
236308753558
236377829112
336158610892
236377829095
236377829102
236377829107
236304345435
236377829109
236377829111
236377829114
236308753554
236023633061
236304345425
236023633065
236377829125
236377829133
236377829135
236377829136
236377829094
236377829093
236020932175
336158610910
336219847348
336158610949
336219847353
336158610937
336158610933
336158610930
336158610927
236020932176
336219847355
336158610919
336219847358
336219847361
336219847362
336158610915
336158610912
336219847319
336162308841
335862450697
236315504042
336168311922
336168311921
336215773243
336168311916
336168311913
236315504045
236315504043
236315504039
336168311930
236315504037
236315504034
236315504033
236315504031
236315504028
236315504021
336215773245
336168311926
336215773236
236373067999
336215773223
236317466234
236317466231
236317466225
236317466223
236317466221
236317466220
236317466217
336215773227
236315504049
236317466213
236317466211
236317466210
236317466202
236317466201
236317466199
336168311934
336215773248
336167069539
336215773249
236373067988
236314036669
236373067975
236373067976
236314036648
236314036647