335989166064
335989166071
336063106293
335989166107
335989166115
236224076004
236224076005
236332741314
335901052372
236332741312
236131886367
236131812516
335990432323
336063106277
336063106275
236224076024
335901052364
335990432331
236332741271
236224076026
236332741269
336063106272
236022453111
236131886371
236332741263
236224076029
336063106268
236224076034
236022453122
236224076035
335990474568
236022453127
335990474574
236131812510
236224076019
335881635236
335881635232
236131797192
236332741308
335881635224
236332741306
336063106280
335881635228
236131797199
236131797200
335990403614
335990403616
335990403617
335990403619
335881635229
236332741294
335990403620
236332741290
236332741288
335990403626
236224076017
335990403630
335990403632
335989166034
236224076001
336183754285
236022408262
236022408242
236130557301
236022408247
236022408255
236130557302
236130557310
335989166006
236022408257
236022408258
335901052384
335989166011
335901052381
236022408266
335989166012
236022408268
335881581014
236130557306
336087097140
336183754371
335881581018
236130557316
236130557317
236022408241
236022408240
236130557300
335987426399
335881352260
335987398169
336087097134
236129002850
336087097135
236129002852
336087097136
236129002854
335881352263
236129002860
335881352266
236129002865
236129002866
236022408231
236022408232
236022408233
335901052390
336087097138
335987426394
335987426396
236022408239
335901052383
335881581025
335989166029
236130557378
236130557368
236022453088
236130557369
236130557372
236130557373
236130557374
236130557376
236130557377
236022453093
336183754301
336183754299
336087097143
236032733202
236022453094
236130557382
236130557385
236130557391
335989166010
335989166017
236022453096
335989166020
335989166025
236130557366
335881581030
236032733200
236130557364
236130557338
335881581026
236332741359
236332741358
236130557340
335881581027
236130557343
336183754337
236130557345
335881581028
236130557346
236130557348
236130557350
336183754329
236130557354
336183754325
236130557357
336183754323
236130557359
335881581029
236130557362
335999935898
335999935900
335888515874
335883094000
236300119973
236146941787
236300119968
236300119966
236146941791
236146941792
236300119963
236300119962
236300119961
236146941794
236146941796
236300119975
236196693564
236146941798
236300119954
236146941802
236300119952
236146941805
236146941807
236300119949
236300119947
236300119945
236300119974
236146941785
236300120015
236300119998
236300120012
236300120008
236300120007
236300120006
236146941771
236300120004
236146941772
236146941773
236146941777
236300119999
236300119994
236300119980
236300119993
236146941778
236146941779
236300119990
236300119988
236300119987
236300119986
236146941781
236146941783
236146941784
236146941808
236300119942
236146941809
336009823711
336009823684
336151170603
336151170601
336009823687
336009823695
336151170596
336009823701
335883094008
336151170589
336009823706
336009823712
236146941812
336009823713
335883094009
336151170577
336009823715
336009823716
336009823723
336009823724
336009823725
336009823727
336087097186
336009823683
336009823681
336151170616
236300119921
236300119937
236300119936
335883094001
336154762014
336009823668
336154762012
335883094003
336009823669
336154762007
336154762006
336009823671
336154762003
336154762002
336154762001
336087097185
236300119930
336009823677
236300119928
236300119927
236300119926
336009823680
335883093997
236300120016
336151170563
236146941729
236146941721
236146941722
236304345387
236304345386
236304345384
236304345382
236146941725
236146941726
236304345379
236146941728
236304345374
236304345391
335883093989
236304345372
236304345370
236146941730
335883093990
336154762081
336154762080
336154762077
336154762076
236146941732
236146941720
236304345392
236146941768
335883093982
236196693579
236043243829
236304345420
236043243825
236304345418
336005620052
236043243824
236304345415
236304345414
236146941713
236304345410
335883093987
336009823659
336009823661
236304345405
236304345404
335883093984
336009823662
336009823664
336009823665
236196693573
236146941718
336154762074
236146941733
236146941736
336154762030
336154762041
236146941757
336154762039
336154762038
236146941758
336154762036
336154762035
336154762033
236146941761
236146941762
336154762029
236146941737
336154762027
336154762026
336154762024
236146941763
335883093996
236146941764
236146941766
336154762018
236146941767
336154762015
236043243808
236043243811
236043243814
335883093992
336154762070
336154762069
336154762068
236146941738
236146941740
336154762065
236146941741
236146941742
336154762062
336154762060
336154762059
236043243816
336154762056
336154762055
336154762054
336154762053
236146941746
336154762050
336154762049
336154762047
336154762046
336009823734
236025450321
335999935901
236154125202
236291712084
236291712083
236291712082
236291712074
236291712072
236154125192
236154125193
236291712068
236025450345
236154125196
236154125208
236025450342
236154125209
236025450348
236154125211
236154125213
236196693540
236196693537
236154125223
236291712037
236025450350
236025450351
236154125189
236154125182
335901051902
336146787360
236152158214
236043243412
236196693549
236152158268
236152158278
236152158283
236152158297
336146787363
236152158299
336016681155
336016681156
236154125177
336016681174
236152158301
236152158310
236025450341
236043243401
336146787343
336016681189
336016681192
336016682003
336146787329
236291712034
236025450355
236154125226
336143110318
336019159047
336019159048
336143110329
336019159049
335885069480
336019159052
336019159056
336019159059
335885069484
336019159061
236154125227
236291712028
236154125231
236043243396
335885069485
236154125243
236196693502
336143110307
236154125253
236043243395
236154125258
236154125265
336019159043
336019159042
335885069479
335885069471
336019159003
236043243398
336019159007
336087097208
336019159010
336019159012
336087097209
236025450357
336019159015
336019159017
336019159018
236196693529
236291712007
336019159024
236291712004
336146787290
335885069466
336146787287
336019159029
336019159034
336019159040
236043243420
336087097200
336151170560
336009823790
336009823770
336009823773
236296401169
236296401161
336009823776
236043243797
336009823781
236296401153
336009823783
236025450331
236296401141
236296401179
336009823792
236296401138
236296401136
336009823794
336009823796
336009823797
335901052000
236196693558
236025450335
336009823806
336009823769
336009823768
336087097199
336009823753
336151170559
336151170558
336009823735
236043243802
336009823745
336009823747
336009823750
336151170542
336009823751
336009823752
336009823755
336087097188
336151170530
336009823756
336009823758
236025450324
336151170525
336009823759
336009823760
336009823764
336151170508
336151170505
336009823819
335901051997
335901051993
335901051937
236043243444
236025450339
336146787402
335901051957
335901051955
236196693555
335901051951
236196693554
335901051944
336146787396
335901051934
335901051991
336146787390
335901051930
335901051923
335901051919
335901051907
336087097198
236025450340
335901051906
336146787379
335901051903
336146787516
236296401041
236296401048
236043243445
335901051977
236296401101
236296401100
236296401099
335901051975
335901051974
236025450336
336087097190
236025450337
236296401080
236296401076
236043243475
236043243473
236043243470
236043243462
236043243460
236296401060
236043243455
236043243450
236043243448
236043243447
236304345423
236304345424
336005366650
336005128119
236314036655
236314036654
336005128112
336005128113
336005128114
336005128115
336005128116
236314036646
236314036644
336005128118
336005128120
236314036658
335891426714
336005128123
236314036637
336005128126
236314036635
236143619248
236314036632
236143619250
236143619251
236143619253
336005128111
336005128110