236143619237
236314036681
336167069425
236143619238
236314036712
236143619239
236314036709
236143619240
236143619243
236314036686
335881762285
236143619245
236314036677
236043243839
236143619246
236314036671
236143619247
236314036668
336005128107
236314036666
236043243843
236314036664
236314036663
236314036662
236314036627
236143619254
236143619255
336162308847
236143619278
236143619279
236143619281
236143619282
236143619285
236143619286
335881762290
336162308851
336162308850
236143619287
236143619288
236143619256
336162308843
236143619289
336162308840
336162308838
236143619290
236143619291
236143619292
336162308833
336162308832
236143619293
236143619277
236143619276
236143619275
236143619274
236314036619
236314036617
236143619257
236314036610
236143619258
236143619259
236143619260
236314036599
236143619261
236143619262
236143619264
236143619265
236143619266
236308756660
236143619267
335881762289
236143619269
236143619270
236143619271
236143619272
236143619273
336167069426
336167069429
236304345426
336167069523
335999935927
236032733217
336167069538
335999935932
336167069533
335999935933
335999935935
336167069530
336087097153
236043243859
336167069522
335999935925
236043243855
336087097154
236314036743
236043243853
236314036740
236043243851
236142445383
336063106220
236142445386
236142445391
335999935926
335999935923
336167069430
236315504040
335881762281
335999935902
336168311917
335999935903
336168311914
335999935907
335999935908
236315504044
335999935909
335999935911
335999935912
335999935922
236043243861
236315504035
335999935915
335888515887
335999935917
236315504029
335999935918
236315504024
335999935921
336167069549
236314036727
236314036725
336063106217
336167069456
236143619219
236143619220
336167069468
336063106209
236143619223
236143619224
336167069463
236143619225
336167069461
336167069459
236143619229
236142445393
336167069453
236143619232
236143619233
336167069449
236043243845
336167069445
336167069443
336167069442
236143619236
336167069432
336167069472
336167069475
236143619218
336003456366
236314036718
236314036717
236142445396
236043243849
236032733220
336167069517
336167069500
336167069499
336003456350
336003456351
336003456352
336003456354
336003456356
336167069488
336003456358
336167069485
336063106213
336167069482
336063106210
336003456364
336003456365
236143619294
236143619295
236143619297
236308753539
236308753550
236308753549
236308753548
236308753547
236308753546
336005128204
336005128205
236308753543
236308753542
236308753540
236023633052
236308753552
336158610964
336005128206
336158610948
336158610946
336158610945
336158610944
236023633056
336005128208
336158610938
336005128209
236308753551
236308753553
336162308826
336005128197
336005128186
336005128187
336162308760
336005128189
336005128192
336162308757
336005128193
336005128194
336005128196
336162308747
236308753572
336005128201
236308753570
236308753564
236308753562
236308753561
336005128198
336005128199
336005128200
236308753557
236308753556
236308753555
336158610935
336005128211
336158610932
336158610875
336158610893
336005366627
336158610888
336158610887
336158610886
336158610885
336158610883
336087097169
236023633060
336005366633
336158610874
336158610931
335891426723
236143782328
236304345437
236304345436
236196693581
336087097174
236304345432
236304345429
336005366638
336005366648
336005366622
336158610895
336158610898
336158610899
336005128214
336158610929
336005128215
336005128216
336005128217
336005128218
336005128220
336005128221
236143782312
336158610914
336158610913
236143782315
236023633059
236143782317
236143782322
336158610908
336005366619
336158610905
336158610904
336158610902
336158610900
336005128185
336005128184
336005128183
236043243838
336162308794
336162308793
236143619316
336162308780
336005128130
236308753639
336005128131
335881762293
336005128133
236308753633
336005128137
336005128150
336005128138
236308753626
336087097168
336005128141
236308753620
336005128142
336005128143
336005128145
336005128146
336005128148
236143619314
236143619312
336162308797
336162308798
236143619301
236143619302
336162308821
336162308820
236143619305
336162308818
336162308817
236143619306
336162308815
336162308814
336162308812
336162308811
336162308810
336162308809
236143619307
236143619308
236143619309
236143619310
336162308801
336162308800
236143619311
336005128149
236308753608
336162308767
336162308786
336005128173
336005128174
236023633044
236308753568
336005128176
236308753566
336162308791
336005128177
336005128178
336162308787
336162308785
236308753607
336005128179
336162308782
336162308781
336162308778
336162308775
236023633046
336005128180
336162308770
336162308769
336005128181
336005128172
336005128169
236308753577
236308753578
236023633041
236308753602
336005128153
236308753600
336005128154
236308753598
336005128155
236023633042
336005128157
336005128158
236308753591
336005128160
236308753589
236308753588
336005128161
336005128162
336005128164
236308753582
236308753581
336005128166
236308753579
236329376057
236187391091
335961833008
335942848300
236118111946
336011834167
335942848287
236083493893
335961832962
335935205913
335976084129
236373068004
335942848319
236044227636
236112515753
236218466107
336170648776
236083493931
236012322944
235955673532
236083493934
236083493926
335855364068
235974934261
236044227620
236083493886
336067131735
335851479671
236076310854
235839024057
236012361042
236083493887
336067131730
236012493231
236079747848
236137594200
336005128129
335522786929
235966026211
235998265511
236013706448
335855172256
235998125217
235994487143
336082005489
335935205912
236242946913
236247201880
236239886888
335914928480
236059163285
235948579575
236119847129
236059103908
236118111936
236419169635
336162308764
236345112238
335914928490
236102845286
236112511169
236168861534
336036090307
236118111964
335935342842
236006873501
335961832968
335942848313
236296401168
236055643302
236400707334
236377829176
336174065749
235994487120
335936878296
335938843541
236013674963
336034000048
236078038962
336140433640
236066036548
235998265527
336104163104
236137594216
236223637357
235998307211
236107792116
235998125192
335971072890
336011834173
335971072881
335942848341
335871539311
236334498540
336075948325
335869988024
236142548893
236083493898
236091694780
235698589779
236076488850
236127699626
336151170540
236184649027
335935205920
335869944550
236197108684
235998307220
335855312856
336209224522
236291711959
236168861525
236308756655
336084147986
236201120274
236419173748
236025450358
235821106683
336255883332
236112529176
236025450352
235995416299
236102845240
335971265953
236000045297
335851479661
336036090317
335855312855
336232765580
335942848307
335996332284
236012202467
335850344171
336158610889
336054952253
335935205919
336066895564
236296401154
236400723686
236112506181
335961832953
335883296249
335810298026
335990562337
336005620051
335539014398
236200803336
236345112235
336036096562
335850344172
336005620062
235974934262
336241677207
336263125415
335961832940
236000045308
236059163283
236059103913
335984412946
235824008810
236197604364
335789557055
335804252269
335869944583
335869944551
336257758194
236079747849
236087318048
335796424020
236384193474
236220817198
236187391093
236112778541
236165575317
335869944538
236214673495
335869988032
236079747886
236400719085
236013625591
335966460339
335938843546
336082005483
336255883327
335871682211
235978975700
236013674961
236168865047
236123888211
236055643309
335935205909
336232934637
236144005102
336085052110
236107792118
336291023948
236083493912
236398857647
336151170570
335966770650
335942848343
236118111945
236168865050
336194400911
335496061395
335885113141
335888537536
236025450327
236200831506
336036087687
335870087933
236118111874
236076428658
236419173449
336104163136
335935412236
236074736626