236227673475
236227673473
336087097219
236108281206
236308753536
336086730976
236223184665
236112778531
236112778530
236112778537
236223637360
236223637364
236197108678
335655603378
336187498668
236419170299
336054952207
336066895553
235998307206
336066895551
236091694773
236059103910
236200803324
236428020343
236091694795
336146787335
336036087718
236168858612
236000045301
236197108690
236296401109
236389636184
236029730014
236201120276
235998125218
236398857666
236020713650
236012202465
235976544307
336086437782
236308753624
335869988020
236123865967
236360992832
335871646421
236262905651
236184649052
236131812517
336070379654
236168861506
335864119471
336180455741
236137594192
236384193480
336121693678
236012290322
335871589227
236040861272
335860313914
335855364084
335923988358
236006510066
236074736614
335863469863
236012493226
236057093067
335888442792
236049202497
335933471486
335876398221
236006319374
236017855906
335869988025
236148469201
235950032280
336016681123
336036092777
336036092774
335789557069
335819368496
235964593379
336086208046
336034000052
236225349515
336017224646
336017210005
336016681139
335661173871
336162308746
236149665056
336132718825
236287343722
236291712047
235967486400
336005366621
336003456367
236296401142
336151170604
335995531442
236300119922
336036092790
236168865042
236168865048
235936545238
335796424015
336075948309
235949936325
236196693568
236214673461
236189597439
235942179472
336054194845
336079318364
236187391095
336082005471
335790733095
335790733086
336053282143
336045998210
336036096569
236168865078
236168865075
336036096556
336082005521
336036096551
336036096527
235936545244
336154762082
236300119995
236098277905
236104323554
335976442714
236098277900
236098093099
236098093097
335954367868
236400696289
236091694750
336241656967
236087318063
236087318035
335944390476
336257758212
236421503759
236428018733
236079888559
235998265529
236079747857
336277786730
236079472075
236448938170
236077843319
336288602341
335467022948
335850344195
235943508559
236106357561
236118111912
236114321289
236114321254
236341384028
336187498667
236112778551
236360992887
336215773244
336219847320
236384193450
336170014036
335972743009
335883296297
336177495072
236325870489
336067131750
336273353453
236441805712
236308753563
236441805705
236308753573
236029729996
236421499603
236006319383
236345112273
236023829923
336255882711
336241680572
236227673467
236225349528
336233009141
336233038592
235824008756
336240449843
336084148033
236398857636
236308756661
236006825628
336067131733
335971265955
236143952061
236057093064
335916416032
335978243727
335916416042
335976442740
336066895565
236059045061
335976442693
236118111939
236059045066
236059045069
236118111910
335966770646
236152158247
335966770645
236108086946
335966460335
335965187020
335961832937
236067656960
335933471481
335933471490
335933471494
236075201709
335855172268
235998307214
335855364058
336005620060
236059045058
236168861505
236032733191
235955857782
335901052380
236167041915
336016681163
336063913327
236044218271
236047252125
236049202457
236168865065
236400707342
236227673468
336241660585
335947041046
236087318034
236218466152
236076428672
335918117195
236093856931
236218466104
236419172586
336255882702
335944390470
236421501012
236214895402
335869944545
335942848348
336054194849
336079140170
335888537547
236077869358
236076428664
236076488845
335918117185
236377829192
335901052797
236377829200
236242946922
236242946938
236055643306
335914928489
335995531446
236013706453
236055643292
236165575310
236223637366
236119847144
336086381018
335871589223
336086208055
236317466228
236223184695
236223184663
236013515700
336191306721
236049202470
236360992847
236360992880
236239886922
236012340703
335935342828
336291176378
235998125219
235999987011
236002840394
235688548377
235998307210
335855172254
335804252262
335855172259
235974934264
335826855784
235994487125
235940449420
335661173848
335803904126
236079747866
236083493955
335938843538
236112537215
235998125229
235629217705
236428021626
335888515882
335907541524
235995416288
335984412972
235999868782
335860313904
336036092781
335522786941
236001556171
336177495001
236047252105
336036092789
335907541476
236398857637
236118111960
236398857708
236118111944
236118111963
335942848288
335947041094
236023829936
335883296294
335976442726
236079747868
236079747870
335540994195
335860093871
335869988030
236118111940
335996332319
236002840391
236000045284
236012322957
335821232257
235998125200
335996332300
236400711607
335907541490
236047252091
335989166142
336072595232
335879982266
335864119484
336162308836
335907541502
236118111970
335856919223
236318329501
235702681554
335938843545
236419173444
335855172248
236419173470
235662212264
236419173484
336051729534
336082005500
236102845307
336005620050
236180640762
236143952083
236093856910
335876398235
236127699628
335976442665
335819578535
336035801270
236108086950
235991334286
236006319371
235987919756
235702815079
236168865044
336009823774
236137594211
335952030047
335930943162
335938843537
236224076072
335982073715
336036087690
236012202481
236360992893
335891294609
236168630388
335900649362
236098648523
235705717432
236017139585
236013748793
335961832970
336036096543
336189375981
335938843554
336063913310
236223637347
236108086939
336021074535
336187498658
336136762860
236107792111
236400719090
236419173479
336063913309
336063913306
336101357533
336255881957
336063509551
235665046240
335965187016
236197108691
236197108680
236334498539
236077869357
336101357556
336067131754
335976442659
336063106227
236279868695
336086437781
335855172250
236196693524
236419171698
335499099960
336079318361
335794836444
335796423933
335523320731
236197604369
336079140180
236400723689
236400723697
336185349538
336241680575
335855172242
236279868717
336185349530
236091694719
336079318356
236409499371
336248490252
336079318357
336248487457
336191306693
336063913324
335916868785
236389555063
236221801842
236146941789
336232934722
336070379649
236201120263
336070379653
236200954930
236030703687
336233009142
236384193404
236002773144
236389665963
236389665971
336233038593
335971265964
235998125227
236223637361
335938552613
335855364059
336085052104
236391558064
236389555048
236201120273
236221801839
236201120277
336067131755
335971265944
236143952071
335916416026
236039781075
336084148036
236143952074
336228694143
335971265942
236204171437
236221801821
236204171444
336067131745
336067131742
336067131740
336084148028
236389303824
236389303839
236389303841
236389303842
236112778526
236223637355
335661173890
236155704393
336240449858
336066864953
335966892488
235972475186
236200803335
236200803332
236296401095
235998307222
236348012441
335999935930
335995531436
235864513169
336011834198
335536521234
336223709304
236400696280
336063913326
236002879218
335855364063
335966770647
336158610884
236130557326
236155704388
236140390551
335803904156
236223184674
236227673481
336146787381
336013565916
336085052108
335857144130
236057093077
236114321256
336085052112
336085052115
335989166075
236200900161
236227673476
235998307228
236057093062
336066895563
236398857693
335883296283
336085052117
236142445388
236200831508
335883296237
236044227653
336151170551
335897887181
236428022231
335869944535
236275061867
336036090318
236126141883
335871483804
236118111924
335855364073
335976442689
236076428671
236314036659
335862450682
336036090319
236218466169
236217935223
236188137087
336036090323
236217935229
335958136145
236118111872
236118111871
236325870438
335976442731
336263124316
235994487133
335976442733
236102845235
335869944543
336081617286
236448937925
236217935218
336273353239
335938986793
336036087682
236006319399
335938986792
335855364078
335938986789
335478277999
336036087685
236168858581
335938986787
335863469851