335996332282
335996332283
236322180683
335996332288
336177495035
236322180679
335901052304
335996332292
335996332294
335996332295
335996332296
335996332297
236224076061
336174066398
335996332303
335996332270
236022582221
335996332267
236137594238
236022453167
336177495017
336177495016
236137594212
236137594214
236137594215
236325870488
236022453168
236325870483
236022453176
236137594218
236137594219
236325870449
236137594220
236137594222
236022582218
236137594223
236137594224
236137594226
335901052306
236137594232
236137594172
236329376061
336063106239
336180455736
236224076044
335901052320
335901052318
236329376090
236329376089
236329376085
336180455740
236224076045
336063106260
336180455737
236136818311
335901052322
336063106259
336180455733
336180455732
335995531444
236224076048
236022453146
336180455728
236137594131
236137594137
236137594141
236329376095
335990562348
236329376063
335901052337
335990474581
236224076039
236032733207
236131988970
335901052351
236131988980
335901052341
236022453138
335901052338
236332741252
336180455752
335901052326
335901052334
336180455747
336180455746
336180455745
336180455744
335901052333
335901052330
236329376104
335901052328
236224076043
336180455723
336180455722
236137594142
236329376079
336180455691
336180455690
236137594156
236137594157
336063106256
236329376086
236329376084
236329376083
236329376082
236137594161
236329376078
336180455720
236329376077
236329376076
236137594162
236137594164
236329376073
236137594166
236329376070
236329376069
236329376067
236329376065
336063106257
336180455693
336180455694
336180455695
336180455719
336180455718
336180455716
336180455715
336180455714
336180455713
336180455712
236137594148
336180455710
335996332241
335996332246
336180455707
335996332252
236224076050
336180455704
336180455702
335996332259
336180455699
335996332263
335901052311
236137594154
335996332304
336174066392
335999935899
236318329500
236140289555
236140289559
236318329514
236318329513
236318329512
236318329511
236224076090
236318329507
236318329505
236140289563
236318329499
236318329521
236318329497
236140289565
236140289567
336170014039
236140289568
236140289569
236140289570
336170014034
236140289572
236140289573
236318329520
236318329525
336063106225
336170648783
236140289544
236140289545
236140289546
336170648799
336170648793
236140289549
336170648790
236043243878
336170648788
336170648786
336170648781
236140289554
336170648780
336170648779
336170648777
336170648775
236140289551
236043243874
336170648771
336170648770
336170648767
336170648766
236140289576
236140289579
236140289583
335999935886
236317466215
335999935879
335999935881
335999935882
335999935883
236317466209
236317466208
335999935884
236317466204
335999935885
335999935887
336170014027
236317466200
335999935889
336168311933
336168311931
335999935894
236315504048
236315504047
335999935896
336168311928
335999935897
336087097148
236043243865
236317466218
335999935875
336170014026
336170014024
336170014022
236140289586
236140289588
336170014017
336170014016
236317466239
236140289594
236317466235
236140289599
236317466232
335999935866
236317466230
236317466229
335999935867
236317466224
335999935869
236317466222
335999935872
335999935873
236322179876
236140289540
335996332306
336174065770
336174065784
236138554861
236138554868
236138554869
236138554872
236043243891
336174065776
236022582233
236138554874
236138554875
236043243890
236032733214
236043243889
336174065763
335997602346
335997602352
236224076079
335997602359
336063106229
236322179945
335997602362
335997602365
236224076077
336174065790
236322179880
236322180500
335996332308
335996332309
336174066387
335996332310
335996332312
236322180508
335996332313
236322180504
335996332314
335996332315
336063106235
335996332334
335996332317
236029750501
336063106234
335996332327
335901052303
336174065803
336174065802
335996332331
336174065793
236224076075
236322179941
236043243885
236224076081
236140289521
236322179905
236043243884
236322179899
236322179898
335999935859
335999935860
236022582242
335999935862
335999935864
336174065751
236140289526
236140289493
236140289528
236140289531
236140289532
236140289533
336063106226
335888515888
236322179885
236322179884
236140289538
236140289539
236322179906
335999935857
335999935856
236322179912
236140289497
236140289503
236140289504
236224076082
236322179932
236140289514
236140289515
236022582234
236140289517
236140289518
236140289519
236140289520
236140289522
335888515895
236140289524
335999935844
335999935846
335999935851
335999935852
335999935853
335999935854
335901052359
336063106264
236022453131
236341384056
236043244170
335984412953
335984412955
335984412957
335984412965
236341384063
236341384062
236341384060
335984412970
236341384057
335984412971
335984412944
236341384052
335901052407
236341384047
236341384046
335984412979
335984412981
236127368221
236341384040
335891368016
236127368224
335984412947
336191306630
336191306671
336191306657
236032669053
236126141844
236126141858
336191306664
336191306663
236126141859
236043244183
236126141862
336191306659
236224075987
236126141873
335984412943
236126141879
236043244180
236043244178
335984412924
336191306650
336191306649
236032669054
335984412932
336191306635
336191306634
236022201129
236224075990
236341384031
335881352242
335985747813
335985747814
236224075996
236224075998
335986152374
236032733190
336087097126
236022201144
236022201145
336087097127
336087097128
236341384030
336087097129
336087097130
335881352245
335881352246
335881352249
335901052394
335881352251
335901052393
335881352253
335901052391
236022201138
335985747812
335985747811
335901052395
335985716635
335985716637
335985716641
236022201132
236022201134
236127384586
335901052402
236127384588
335901052399
236022201136
236341384013
236127384591
236224075991
236127384595
236341384009
236341384007
236341384006
236224075994
236127384599
335901052397
335891368022
336191306670
236022201128
335990474577
335891294607
335891294602
236123944816
335891294603
236029750517
335891294606
335982112454
335901052780
336194400869
336194400868
236345112298
236022201118
335901052786
335982112463
236029750515
236029750514
236345112292
236345112291
335982256867
335891294610
236032669045
236029750506
236126141791
336194400879
336194400883
336191306673
335888537544
236123914781
335891294596
336194400910
236123914783
335880057519
236030672329
236123914792
335891294598
336194400903
336194400902
335880057520
336194400884
336194400899
336194400898
236123944807
335891294601
335880057521
336194400891
236123944809
336194400889
336194400888
336194400887
236029750504
236126141796
236242946991
336191306697
236345112228
335984412883
335984412889
336191306717
335984412890
335984412891
335984412893
335984412898
336191306701
336191306700
335984412903
236126141798
336191306692
335984412907
335984412908
336191306688
236043244185
336191306679
336191306678
236126141832
236126141835
236224075983
236345112229
236345112231
236345112233
236043244189
236345112271
236345112270
236126141799
236345112267
236345112266
236022201119
236126141801
236126141803
236345112258
236126141804
236345112256
236126141807
236126141810
236126141811
236032669050
236032669052
236126141817
236126141823
236224075981
236022201122
236224075982
335881352258
335881352259
336087097132
335901052376
335989166120
336063106289
236332741336
335989166128
335989166132
236022453103
236022453108
335989166135
335989166136
335989166143
335989166198
236332741340
236131758362
335901052375
236332741322
236131758368
236332741320
336063106287
336063106286
236224076011
336063106284
236131797185
335989166119
335989166118
336087097133
335989166043
336183754280
335989166037
335989166039
336183754276
336183754275
336183754270
236022453097
335989166041
335989166042
336183754264
335989166044
236022453101
236224076002
335901052377
335989166048