336209224553
236047253853
336204957395
335876446109
236118111904
236224076010
336241660581
236356498961
335990403629
236029750503
335864168656
336241660582
236356498963
336204957393
236020932208
335924047434
336066939590
335924047445
336240449794
335901052821
335954367908
335942848380
236384193377
236460390603
236428019394
336086437664
336228694205
236137594186
335958482909
335898706311
335996332257
236360992831
336119706352
236460390593
336285926917
336285926919
236065992858
335850344186
236254643446
336263123803
335859166613
336114538610
336063106208
236119847132
335905424952
236356498921
335850344193
335897867231
235994487131
236076488851
336215773259
336021074550
236057475907
335999935939
236314036732
236308756650
336104163148
236314036594
236005375390
335907541472
336087097220
236428019379
236314036595
236314036625
236314036630
236087318116
236314036735
236188137075
336054952176
336029139800
236084819275
236043243404
236093856891
236314036748
236043243463
236223372553
236242946945
335944390498
236314036739
335952030079
236400711588
336288599493
336063106266
335902199842
335930943124
336104163041
236465855921
236314036631
336167069479
236287343740
336167069427
335897867233
336277787238
336167069491
336167069447
336167069450
236384193375
336167069457
336087097139
236057475895
336167069462
336167069465
336167069486
236448937938
236465855922
236400711591
336104163126
236224088933
335902199911
336104163134
336288599475
236314036639
236102845295
335902199833
236314036643
236314036650
236314036652
336167069520
236223372494
236043243471
236225349505
336167069494
335930943147
236314036661
236314036665
236155704410
236081155754
236308753597
236304345375
236057475909
236304345381
236189597407
236428021254
236465861119
236304345397
335916416030
236091694720
236020833288
336005620071
335958482845
336005620067
236043243819
336108025419
336005620057
336087097189
336005620054
336277787243
236196693575
335916213514
336281902905
236081155756
236168858609
236223372503
336291021225
236081155761
236072533765
335860367734
236463202896
236044227673
236300120017
336087097149
236465861129
236044227674
336108029241
236154125216
335860367752
336281902902
336019159071
236143952080
236242946942
335860138765
236308753559
236200954950
336087097207
236224076049
236049202484
236224076023
335942848283
336162308773
336087097124
236049202455
335901051992
336143110259
236463196614
236057475906
335860367721
236043243481
236102845252
336285926934
335940234233
236084819261
236463204075
336291021410
335905424966
236377829127
335909203084
236465855907
236143952059
236465855916
335978243765
336087097196
236029730016
236069443222
236224076054
236043243834
336009823786
336108025388
236242946907
335902199849
236254639784
236075201705
236421501034
236332741258
336183754318
335971072956
236322179948
336174065758
236421501159
336200957688
335997602351
236356498885
236356498897
336183754321
236329376098
336180455738
336180455734
336174065777
336183754330
336174065778
336180455730
336174065780
335907541506
336277786475
335971072936
335907541510
336191306689
335971072958
236322179942
236348012402
336277786454
336167069531
335855438851
336209224504
335971265957
336257756589
236332741275
335901052794
236332741264
335819368494
336183754256
336183754254
336183754253
236322179900
335971072982
335999935848
236322179918
336183754295
336183754234
336183754305
336183754306
236112537218
335971072963
335901052348
336174065799
236043243895
335907541513
236332741361
236043244177
335996332266
236329376050
335971072929
236341384070
236341384067
236112537254
236329376026
335889927358
236421501036
336204957407
236356498944
236448938323
336204957400
335819368502
236341384000
236341384010
236448938515
236341384017
236022453153
236022453156
236341384029
236341384032
236329376071
335922512347
236119847121
236043244240
336191306676
236322180495
335901052875
236356498908
336183754361
336183754363
336180455709
335996332247
236130557320
336183754367
336183754372
236329376074
336174066395
336204957452
236043244243
336180455689
336180455688
336191306655
336204957449
236421501020
236137594163
335901052851
236332741296
236341384034
236332741327
236332741324
335978243711
236348012435
336075948273
236317466219
336183754277
236043243867
335860138753
236332741317
236049202525
335978243789
335978243755
336183754259
335855438849
336196998855
336196998826
335855438859
236348012425
236140289595
236140289591
336167069542
336196998852
236332741297
336167069541
236317466206
236332741334
335999935928
236112537187
336170014028
336087097147
236275061821
236057185061
236158624274
336087097145
236200900183
236465856378
236130557305
236218466113
236218466115
236030972447
236275061827
236275061828
236465856372
336132718799
236275061830
336132718801
236224076003
236029653952
236275061803
236158624263
236158624264
236158624266
336291021411
236275061799
236287343683
236200900186
335989166095
236093856861
236275061805
236275061806
236224076006
236448938341
236044227641
236275061811
236057185063
335954367900
236130557327
336132718797
236275061863
336087097137
236130557315
236287343694
236275061859
236275061860
336132718791
236275061861
236130557319
236275061864
336132718788
236130557330
236224075999
236275061866
236093856874
236158624285
335916416029
236130557322
236093856882
236200900184
335989166092
236130557313
236465856375
236275061834
236224075988
236287343698
236130557332
236044227647
335989166008
236275061839
236200900185
236275061842
236275061843
236275061797
336087097141
236275061846
236130557308
236093856867
236275061852
236158624280
236158633976
336126967274
236093856853
236268663517
236223184699
335952030105
236268663524
335989166129
236448938322
236268663528
236268663530
236268663531
236268663533
336021074611
336079140201
335989166126
335989166124
236268663537
236218466145
236287343727
236268663541
236268663542
236268663545
236200900200
336021074606
336063106276
236268663515
336021074600
236448938318
236465856371
335952030089
236268663497
236268663498
236268663499
336063106267
236268663501
236224076031
236268663502
236268663506
336063106271
236166835001
336021074601
236398857654
236268663510
335952030102
336063106273
236398857656
236224076021
236224076008
236200900191
336204957420
336126967258
336126967260
236224076013
336126967264
336281902879
236287343710
336126967266
336126967269
336126967270
335989166114
336126967272
336126967273
336063106285
336126967275
336126967276
336126967277
236287343707
336126967281
336126967255
336126967252
336126967224
336126967251
236224076015
336126967226
336126967229
236287343723
336126967231
336126967232
336126967233
336126967234
236224076014
336126967238
336126967240
336126967242
336126967245
336126967246
236200900194
336126967247
236448938332
336126967249
336126967250
336132718806
236200900176
336132718807
236398857704
335989166015
335954367830
335989166016
236158633968
236158633969
336024684246
336024684245
336024684244
336024684243
336024684242
335954367832
335989166018
335954367835
336024684233
336024684231
336024684230
335954367836
336273353076
236158633996
236130557395
236200900127
236398857689
236130557394
336240449848
336273353074
236158633962
236050505621
336240449832
236158633966
336209224486
336291021435
336240449846
236130557388
236057475899
336240449840
336273353075
236398857710
335954367824
335954367825
236398857705
236158633967
236200900123
236158633995
236158633993
336132718808
335989166036
336024684210
336240449845
335954367852
336024684205
336024684204
336024684202
336024684201
336024684200
336024684199
336024684198
336240449838
336024684195
336024684194
336024684192
336240449836
236158633984
236158633981
236158633979
236158633978
336024684211
335954367847
236158633992
336024684214
335989166030
236158633990
236158633971
335954367840
236398857686
236158633987
335989166031
336024684227