335940234238
336219847322
335876446098
336219847324
336196998865
335978243728
236448937944
335978243722
236428022227
236072533799
336219847341
335934018586
335940234246
335940234239
236373068006
236360992889
335876446108
335978243714
335936878295
336215773215
336212716062
236421502019
236072533794
335930943186
236083493963
236067656965
335942848278
335963134151
335860313923
335942848347
236087318108
336196998840
335942848290
335966770655
335879982261
236069443280
336215773277
236067656971
336263124834
236400711608
236087318125
236360992883
236087318103
335879982265
336263125411
335978243736
236448937935
236448937934
236108086936
335936899762
335942848279
236360992858
336196998863
236072533805
236083493953
236352194577
236083493952
236091694713
236400711606
336200957604
236091694714
236377829141
236005282772
335976442727
236072533704
335938575784
236400700907
335971072883
236448937930
236377829153
336209224507
335942848330
236448937928
236377829184
236091694727
335935412220
236118111911
236428020352
336200957686
236003615516
236005282776
236448938140
335938575777
335940234237
236448937946
236352194589
236352194611
335940234247
335940234248
236002879195
335936878264
236072533806
236072533807
335952030084
336209224501
236377829117
336241656969
335860313912
236112537212
336215773195
335940234236
336263123209
236002840405
335860313907
335930943133
336079140183
236287343760
336079140191
236155704433
335860239763
336054952190
236332741326
236398857632
336240449816
335989166056
236158633950
335954367866
336086437730
236158633975
336024684220
236158633991
236158633997
236200900124
236200900119
336240449859
336273353073
336086208022
336240449867
336240449873
336240449874
336132718866
336086208014
236287343689
236158624286
336021074508
336079140200
236398857641
335989166155
236398857642
236398857644
335902191142
236287343735
335902191178
336079140199
236287343730
335989166099
236398857655
336021074617
236200900195
236398857674
336240449795
336240449796
236287343708
335989166112
336240449802
336016681191
336066939600
336075932866
236322179926
236210242951
236210242948
236143952077
236322179934
236368270373
336075948312
336005620055
335971072876
236304345399
236210269549
336086208087
236322179922
236210242934
236210242929
236210242928
336174066389
335918117191
336009823738
236448938522
335902199880
336086208061
236214673456
236214673467
236322179925
236210242957
335961833020
336075932905
236047252129
236210269516
336167069478
236047252124
336075932929
236308756658
236067656980
336162308849
336162308845
336075948278
336075948281
336075932903
236322179917
236308753590
236210243011
236210243008
335905423975
336162308766
336162308754
335902199897
336075948303
236322179908
236210242983
236322179916
336174066479
336066990511
336079140169
236098648543
336228694222
336066939667
336066939662
336079140145
336273353451
336066939653
336143110324
336273353252
336066939644
236154125246
336143110308
236154125267
236214673519
336066939638
336066939635
236441805724
336079140155
336019159090
336079140159
336143110278
236049202452
336143110269
336079140165
336066939622
236223372515
236214673518
236448938521
335961832991
335918037574
236214673479
236102845326
236214673487
236102845320
236102845319
336066990477
236214673494
236081155723
236152158223
236214673499
236152158267
236137594130
335961832936
236329376038
335902199851
336016681145
335925745854
236214673511
336183754326
236214673513
336277787242
236200954907
236200954899
236360992862
236398857673
336132718849
236218466151
236268663463
236268663458
335952030061
236268663451
236268663446
335984412930
236441805554
236168858606
335984412918
236223184661
236168858607
236441805553
335907541449
335916213525
335952030012
236196693550
336263123811
236196693513
236196693503
236268663470
336126967189
336063106254
236268663505
236268663526
236268663520
236268663519
236268663516
236268663513
236268663512
236049202495
236268663509
236268663487
336126967199
336277786762
236049202498
236167041914
236167041920
336034190491
336082005479
336034190502
336082005481
236044227606
236087318030
236087318031
335891514266
236463204077
336194400905
236180640797
236119847195
236049202522
336047659240
336054952232
236006510083
335947041064
236049202515
336051729563
335947041050
236348012419
236247201839
236247201823
236188137043
336196998859
336196998846
236049202516
236180640773
236087318041
236345112249
335909203068
236087318046
236087318050
236126141821
236087318052
336036096528
236345112244
236049202509
335907541482
236345112297
335907541481
335907541494
236179051095
236179051101
336045998203
336045998215
336045998219
236180640765
236268663534
236210269508
236268663538
336132718844
236275061807
335901052870
236032733204
236275061824
236044227643
336126967248
335916416045
236130557344
236057185076
336126967257
236275061862
336183754335
236275061835
236049202490
336126967278
336132718775
336132718779
236275061798
236275061838
336132718839
336126967244
236275061847
336132718783
336132718802
236268663539
236224076007
236332741357
336126967236
236275061844
236275061853
336132718816
336132718810
335947041002
236239886859
236300119965
236146941774
236189597441
236146941799
236146941801
236465861126
236239886851
236083493961
336056355924
236146941750
236300119982
236224075989
236077843324
236377829164
236065948103
236179051094
236126141802
336086437787
236300120000
236300120011
236428021954
236322180505
236448938348
335996332311
236076488844
236137594240
236296401086
236119847153
236168865060
336241656959
236296401058
336263122199
236076353253
335905424925
336151170606
335905423935
236193280195
335901051922
335901051915
335901051914
336087108298
336177495071
236043243434
335996332265
236325870404
236296401139
335996332275
336151170594
236428021952
236003033458
236032603691
236223353182
236146941723
236050505588
236050505590
336009823762
236296401183
236050505596
336136762890
336086208027
236421502013
236025450332
336223709364
236057015868
336263123220
236119847193
236377829150
236373067985
336215773220
236140289593
335978243803
236140289582
335916213484
335889927367
236140289577
236087318096
236143619296
236448938538
236143619304
335889611277
236140289564
236186123199
336281902872
336219847349
236186123195
335923988385
336104163146
336170648791
236223332809
335927624405
336215773257
236314036742
336288602587
335999935919
336215773276
336240449885
336215773279
236428022219
335999935906
335978243782
336168311927
236143619235
236077889351
335999935890
236143619242
236210269547
236047252112
336005128165
236304345390
335999935850
335860093875
236377829104
336108025389
236030703710
236304345434
336108025393
236065992847
336005366654
236180640807
236279868720
236047252052
236140289498
236140289494
236076488855
336108025418
236377829143
236044227676
335999935847
335923988362
236352194570
335936878270
336005128168
236072533797
236373068014
236043244202
236352194575
335923988375
236006319388
236140289535
335936926539
236002879208
335927624410
236006510073
336005128195
236030703691
236352194579
236360992860
236079472076
336087108292
335860313913
236356498940
336140433667
236069443214
236044218214
236428020350
236368270275
236072533781
335922512318
236465856367
335885069486
236069443212
335924047439
336035801258
236356498948
336257757659
236021001080
336204957440
236098648516
336086437727
236254639796
236131812515
236224076076
236275061804
336036087692
336228694230
236224076084
336180455743
336263122542
236356498939
336123980305
336257756996
236368270287
236069443198
336063106238
336019159062
336123980329
236098648555
336024671232
235994487128
336212716060
236265291372
335985747815
236155704429
236083493907
335976442715
236400711593
236364818632
236065948071
335900649355
336241665590
336204957399
236218466142
336204957402
336204957406
335986152373
236165575325
336263122555