236409495011
336248487436
335863469857
336248487440
236409498401
236057475902
236218466125
336255881935
336248487037
236064418300
336079318370
336248487038
336248487040
336248487045
336248487047
236065948081
335922512333
236409493965
336081617297
336255881949
236409493966
236465855906
236217935228
336081617284
235991585155
336081617292
236220817184
336248487447
236057185073
236419172152
236055643314
336084148013
336248487850
335914928471
336291176375
336248487828
336248487837
336248487838
236409498400
336248487839
336248487842
336248487844
336248487845
236049202510
336084148020
236049202547
236419172156
236220817209
236057015853
236409495788
336255881940
236006319377
335916213577
236220817192
236419172166
336085052102
336248487451
336248487453
236409495775
236409495777
236409495779
236409495781
236419172160
236057015885
236057015875
236214895415
236223184664
336277786760
236223184709
236400719092
336086208016
236409498414
336241677209
336241677211
336086208001
236006825654
335933471498
336281902865
336079140156
236419172561
335846773224
336079140175
236409498413
336255882686
236006825649
236419172572
236400711598
336079318354
336248489451
336086208062
336277786957
336277786966
236210242999
236398857695
236077843307
336277786977
335889927368
236419172576
336248489449
335935412218
236400696283
236076488859
336075948276
336277786985
236400707357
236400723676
236400723680
236214895394
336255881950
236047253858
236409498410
236072533747
236409493952
236409493953
236214895408
236409498409
236409493957
335846773222
236409493959
336248487025
236409498408
336248487027
236409498407
235991585164
336079318353
336241680573
236214895405
236400723699
335930943116
336255881958
236400723684
336241680558
336241680560
236465855897
336241680565
236409498412
335930943166
236223184700
236409498411
236400723691
236400723693
236400723695
236400723696
236400723698
236409499373
335888537539
236221801824
236254639820
236339051124
236197604362
336263123775
336187498656
336263123768
336187498655
236336956611
236336956606
236336956605
236336956601
236119847124
236336956600
336187498653
236221801849
236336956595
336021074542
336185349539
236197604358
336185349535
336185349534
336263123229
336090267042
236334498548
336063509570
236334498538
336090267040
336024671123
336051729518
336189375972
236419172119
336063913302
236341384024
236161240768
236341383990
236227673474
336063913299
336189375975
336158610878
236118111906
336189375974
236118111950
335976442688
336189375968
336024684241
236339051133
336063106230
335976442660
336158610911
335976442662
236339051130
236339051129
336263123777
236339051126
236123944810
236155704399
336090267044
336255883350
236325870402
236419173457
236419173453
336059741908
236421501035
236419171678
236419172149
336255878507
335999935858
336177495073
236421503769
236196693536
236322179928
236419173446
236197108679
236325870500
236197108677
336005128139
236143782320
236419173447
236419173450
336005620063
236428018814
236146941755
236428020344
236197108689
236155704381
336054194848
236419173462
236419171684
236419173460
335984412912
236419171681
335984412913
236126141882
335984412929
336255881901
336255883331
336011834195
236188137062
336063509549
336255884792
236419172131
336054952227
336257756593
336063509561
336255883345
336170014033
336063509559
336063509555
336011834154
335860237583
336109849825
236339051132
336063913303
236200803333
336036090330
336248490246
335902188727
336255881927
336086730974
336036090325
336263125427
336086730985
236364818681
335966460355
336255881910
236224076041
336263125425
236224076066
236364818658
236428021629
336248490250
236291712066
336255881163
236200803340
236200803339
236200803338
236168861532
336255881157
236168861519
236419173091
336263124311
236368270342
336255881166
336255882694
336255881167
236419173478
336255881170
236029653933
236377829147
236287343711
236409499374
236029653917
336132718862
336143110252
336132718858
336143110261
336066990483
236098648475
236200900141
236098648542
236168862836
336143110292
336215773274
236223637358
336036092791
236291711955
236223637359
336036090340
236200900204
236106357584
336036090339
336036090302
336087097151
236419171703
336248490256
236227673466
336036087709
236268663500
336063913319
336154762045
236168858593
236428021644
336036087695
236419173094
336151170591
236419171694
336194400912
236419169645
236419171690
336063913314
335902188683
236419171693
336121693675
236262905659
236002879220
336154762021
236300120014
336255881147
236168858598
236352194574
336194400874
236108281197
236419171705
336200957678
336063913325
236419169636
336063913304
336036087723
336036087711
236262905649
336032868372
236419169648
236428021655
336029139791
236242946992
335925745839
336132718843
236065992845
236067656969
236067656961
336263122183
236242946963
336108025370
236067656988
336263122173
335925745831
236057093073
236067656976
236196693586
236067656953
236304345373
336104163066
236067656981
336291175564
236057475914
336035806857
236296401071
236275061791
236296401134
236155704421
336162308774
236155704438
336082005490
236308753623
236186123194
336162308837
335916868787
335916868783
335916868779
336158610928
236291712054
236247201881
336158610943
236314036730
336291021220
336168311919
335917968267
236465855911
336024671121
236322179890
236057475921
336054952231
336257757667
336177495124
336066990525
236332741255
335940234252
236348012398
335940234232
335940234234
335940234244
335940234245
335940234250
335940234255
336196998854
236348012427
236348012428
336277786462
236448937936
236112537196
336196998841
336196998817
236081155727
236081155726
236448938147
336194400900
336194400878
236448938154
236345112241
236341384074
336263123819
236341384033
336263123815
236428021265
336263123796
236118111955
336277786737
236223332794
336196998848
236223353191
335925745856
236223372522
336066939573
335958482905
335952030057
335958136169
336228694197
335957908524
236373067991
236083493958
236098277899
236373068007
336086437773
236098277907
336086437744
335958136154
236430292650
236223372498
336215773221
236368270358
236430292461
335966460343
236087318084
336209224546
236223372497
336263125413
335942848337
236360992843
236356498902
335942848324
236108281199
236352194608
336087108285
236398857660
236079491991
335938552623
236242946935
236074736610
236074736611
236332741303
236332741307
236463204092
236138554876
335996332330
236428021251
335996332289
236137594230
236137594204
236137594151
236332741331
336183754269
236140289542
336263122556
335999935870
336263122552
335999935913
336263122544
236428019406
236332741283
236332741282
236332741278
336183754252
336005128109
336183754248
336183754247
236146941753
336183754242
236332741262
336183754290
336288602584
335990562339
236126141828
336086208059
236077889362
236077889361
335936926536
236448938335
236119847125
236119847127
236428021219
236210269538
236210269552
336183754369
335982256866
336183754364
336183754362
336241668664
336183754297
236455188424
236076428665
236126141860
236128989853
335987398164
236332741360
236332741356
335958136151
335989166169
236131758365
336288602576
336183754315
336183754303
236131886380
336183754320
336295158369
236022453134
236025450346
236020932154
335880057502
335851479678
335851479670
335851479664
236022453121
335881762280
236025450338
335900649364
335859166606
236042901734
236042901728
236042901727
236039793604
335888515872
335891426725
335888537543
236032603695
335876446097
335901052804
335891227697
335860313910
235949936324
236030703720
335860367719
335797733199
236030703688
236002879212
336063106211
336263123813
236057475913
236158624275
336021074604
236155704432
336021074524
236154125201
236279868692
336263123816
236152158265
336066939612
335901051921
336263123820
336024684216
236428021272
335902199912
335916416028
236057185079