336140433599
336140433595
335900649352
336140433592
336140433589
236158624260
236158624256
236284079438
336143110255
336019159107
336019159109
336059934465
336143110265
236224088928
236155704368
335885069493
335900649366
236155704387
336143110256
236155704390
236043243375
335900649363
236155704400
236155704405
336021074511
336143110249
336021074517
336021074534
336021074538
336021074540
336143110244
336143110270
336143110273
236158624255
336143110286
336059934470
236154125277
336059934469
336019159078
336019159084
335885069488
336059934468
336087097223
336143110288
236043243385
336019159091
336143110274
336143110284
336143110283
336019159093
336143110281
336019159096
336019159099
336059934467
336019159102
336143110276
236043243382
336143110243
335900649360
336143110240
236158624236
336021074587
336021074590
336021074599
336021074607
336021074618
336059934461
236158624231
236287343724
236158624234
236158624235
236287343719
336021074544
236158624237
236287343717
236158624238
236158624240
236158624242
236158624244
236158624247
236224088936
236158624250
236158624254
336059934463
336021074582
336021074581
236287343736
236224088929
236155704412
236287343762
236155704413
236155704416
236155704417
335900649358
335885069497
236287343753
236155704423
236155704435
335900649357
236155704442
236155704443
236224088931
236287343744
236287343742
336021074573
336021074574
336021074575
236287343738
336024671182
236284079434
236029730017
336059741909
335900649346
336136762840
236161240769
236225349523
236279868672
236161240771
336059741912
236161240775
236161240778
336028072503
336132718855
236279868674
236225349533
236029730019
236225349535
236225349536
336028072522
336028072523
336059741907
236029653942
236029653943
336028072526
236279868673
236161240767
236279868726
236193280194
336027755534
336027755535
336027755536
236193280198
336087108299
236193280197
236161240749
236279868709
336087108301
236193280196
236279868703
236161240766
236193280193
236193280189
236279868697
236279868693
236161240761
236279868689
336059741914
236161240763
236225349518
236279868679
236225349543
335900649344
336028072534
336029139782
336059741893
336088203329
336132718792
336088203331
336059741892
236162218051
336059741891
336059741889
336088203338
336088203340
336132718778
236042901735
336088203346
336088203347
236029653949
336132718773
336029139786
336059741886
336088203349
336059741885
236042901732
336059741884
236162218041
336059741894
236162218039
236162218036
336028072537
236162218012
336029139770
336029139771
336029139773
336029139774
336132718824
336029139775
336059741905
236162218017
336059741904
236162218021
236162218022
336132718814
336088203311
336059741900
336088203317
336059741897
236162218030
236162218032
236029653944
336027755533
336087108297
336024671202
236284079343
236284079363
236284079362
236284079361
236284079358
236284079357
236284079354
236284079353
236284079350
236284079345
236284079344
336136762911
236284079366
236029653923
335900649350
336136762905
336136762903
236158633983
336136762901
236224088939
336024684215
336059934460
336136762896
236284079364
236158633959
236279868730
236284079406
336024671225
236284079425
236284079424
336024671227
236284079417
236284079416
236284079412
336024671228
336024671229
236284079407
336024671235
236284079369
236284079398
236284079396
236284079386
236284079385
236284079383
236284079380
236284079374
236284079372
236284079371
236284079370
336136762895
336136762894
335900649348
336087108291
236160997617
236160997619
236160997621
336087108286
336087108287
236160997629
236279868753
236193280202
336027755512
236193280201
336027755516
336059934457
236224088977
236224088990
236279868743
336027755521
236279868741
236279868737
336087108293
336027755525
336087108295
236193280199
236160997616
236160997614
336136762855
336087108283
236224088975
236160997604
236224088976
336059934456
236160997607
236160997609
336136762883
336087108277
336136762879
236029653930
336136762877
336136762874
336027755495
336027755496
336027755498
336027755500
336136762865
336087108279
336027755504
236193280204
336136762861
336119706368
336119706367
336119706366
236179051092
236179051081
236179051083
336109849834
336109849833
236179051084
336109849830
336109849829
236179051086
236179051087
236179051091
236179051093
236179051077
336109849822
336109849821
236179051097
236249280281
236249280280
236179051098
236179051099
236179051102
236249280275
236249280273
236179051078
336109849840
236039781048
336036096558
236039781047
236249280286
236249280285
236249280284
336036096550
336036096552
336109849861
336036096553
336109849859
336036096555
336054952191
236179051076
236168865079
236168865080
336036096559
336109849849
236039781045
336036096565
336109849845
336036096566
336104163093
336109849842
236249280271
236249280269
236249280267
336108029257
336108029268
336108029267
336108029266
336045998198
336108029264
336045998199
336108029262
336108029261
336108029259
336108029258
336045998202
236179051105
336108029255
336045998205
336108029253
336108029251
335891514272
336045998208
336108029248
336045998209
336045998211
336108029244
336108029269
336045998193
336108029271
336108029272
236179051114
236179051115
236179051116
236249280262
236249280261
336045998175
336045998176
236249280258
236249280256
336045998177
336045998180
336045998181
236249280252
236249280251
236249280249
336045998182
236249280247
236249280246
336045998186
236249280242
336045998191
336036096548
236249280290
336108029240
236254639734
236254639746
236254639745
236254639744
236254639743
236254639742
236039781055
236254639740
236254639739
236254639738
236254639735
236254639733
336054952198
236254639732
236254639731
236254639730
236254639729
236254639728
336109849905
236039781054
236039781053
335897867209
336109849901
236039781056
236254639750
236249280291
236254639768
336114538529
336114538528
336114538527
336114538526
336114538525
336114538524
236039781069
336114538522
336114538521
336114538520
236254639767
236254639751
236254639766
336054952206
236039781067
336104163069
236254639758
236254639757
236039781059
236254639754
236254639753
236039781058
335897867208
335897867207
336109849897
336036096526
336054952196
236249280319
236032821198
236249280316
236249280315
336036096522
236249280313
236249280311
236249280310
336036096524
336036096529
236168865040
236249280304
236249280303
236249280302
336036096531
236249280298
336036096539
236249280295
236249280294
336036096541
236249280292
236249280322
236168865074
336104163081
336109849868
336109849895
236168865041
336109849893
236168865046
236168865053
336109849888
236168865055
236168865058
336109849884
336109849883
336109849882
336109849881
336054952197
336109849879
335897867201
336109849877
336109849875
236168865069
236168865070
336109849870
336109849869
336045998213
236247208110
336119706365
236186281923
336053125033
236186281911
336108025355
336108025353
236186281914
336108025351
236186281919
336108025349
336108025348
236186281920
236186281924
236242946974
236247201837
236186281925
236247201835
236186281926
236186281927
236186281928
236242946975
236247201830
236247201829
236242946976
336108025359
336054952173
236247201863
236247201848
336054952183
236186123193
336054952181
236247201857
236247201856
336104163098
236247201853
236247201852
236186123197
236247201850
236247201847
336053125027
236186123201
236186123202
236029729988
236247201842
236186123206
236029729992
336104163107
336108025366
336108025365
336104163108
336053282129
236247201826
236247201825
236188137057
236188137045
236188137073
336104163132
236188137051
336104163129
336104163128
236188137052
236188137055
236188137056
336104163122
336104163117
236242946978
236188137059
336104163114
335888515870
335888515871
236242947001
236242947000
236242946995
236242946994
236188137065
236029729991
336104163135
336104163138