335889611292
236127384605
235974934281
235973404855
335989166049
236131988977
335859166637
236131886378
335888442764
335990432330
236131812519
235973404824
236131812513
236131812511
335990403633
335990403621
335888442780
236131797189
236002773178
335989166149
335989166145
236002773154
335989166127
335989166123
335905424016
235994487126
335965187019
236065948120
335947041015
335947041007
236087318065
236065948107
335923988364
335923988391
235998125203
335923988394
335944390485
335947041097
236067656948
335944390484
335944390481
236069443185
236069443206
236084819267
335942848377
335927624304
335947041017
335923988352
335923988348
236065948073
236059163289
335947041053
335947041033
335918117199
236087318140
236087318137
236087318128
335918117208
335918117211
236064418280
236087318110
236064418304
236064418310
236064418317
335922512323
236087318090
335922512332
235998125230
335927624313
335927624317
236081155724
335855364072
335935412245
335935412249
236076488866
236076488871
236079492000
236079491989
236077843326
236079472078
236077843332
335936878280
335936878281
335936878286
236077889363
335855364062
335936899768
236077869369
335938575783
335935342859
335927624363
335935342851
236083493959
236072533736
335930943177
335856865270
335855172252
335933471487
335933471489
236083493885
335935205917
335935205922
236076310869
235999827013
235998359135
236076428670
335935342832
335940234235
335935342846
335947041078
236091694743
335965187015
335850344174
236050505553
236104259914
236050505589
236104259910
335909202997
335909203005
335909203014
335961832952
335909203045
236091694744
335909203049
335909203065
335909203070
236050505879
236055643290
236102845242
236102845232
335958482934
236104259918
236104259920
335963112316
335963112332
335907541453
335907541454
335907541469
236106357602
236106357597
236000045289
236106357585
236049202514
236106357578
236049202519
236049202548
335963112365
236104259941
335907541522
236104259931
335963112338
335963112337
236055643310
236055643313
236098648539
235995416304
335954367893
335916213564
335916213567
335857003848
335916213578
236093856904
236057185056
236057185064
236093856833
235999937971
335952030160
236059045053
335952030083
236059045054
335952030049
236091694794
236091694792
236098093088
335916213553
236057015827
335916213546
236057015829
236057015831
335916213467
236098648492
335916213469
236098648488
236057015860
236057015890
236057015891
236057015908
335916213501
335916213522
335957908528
335957908526
335957908523
335957908522
335916213538
336000120164
236123865950
236154125235
235966121348
236166835008
336011834199
236020833251
336011834202
236006319381
335879752389
335821322765
236012202469
335879752324
235966121367
335869988031
335860237578
236148469203
335821232275
236166835017
236012202479
235955511330
335860237576
235966047068
236006319382
236020713611
235966047054
336034000032
236006319389
335821322790
336011834126
236013674952
335869988047
335823067998
236006319372
335871646409
335860313903
336024671122
236146941734
335869988056
335860237593
335879865664
335879865658
336024671109
236146941795
236148469167
335822922529
236155704445
236168865072
236020833280
236020833274
236006319380
336032868371
236020833264
236166835004
236020833261
236020833253
235955511339
335869847014
335860138780
335876398243
335860138773
336019159106
336034000047
336035801291
336035801284
336035801280
336035801269
335869944580
236168630400
336034000051
236155704414
335863469858
236154125184
236155704431
335869944586
336021074589
236002879237
236017855905
236017855915
335869944594
236006319401
236155704436
236017855916
336034000055
236017891520
236017891528
336021074609
236154125270
236154125186
236154125199
236154125212
236154125219
335809809948
335876446105
236006319390
236154125222
336034000036
236017891544
335871733031
335871733047
335871733051
236012290344
236012290345
236006319391
236154125264
236012322951
236006510068
335869944544
236154125266
336034000039
335875585447
236020932185
335879865656
236013515709
336005366624
336028072518
236006510110
336045998204
236021001096
336005366618
236022201131
236013515714
236021001092
335863682596
236021001090
335871483789
335871483793
335864119492
336005366629
336032868358
236143782324
335863469841
335880057492
236180640798
335804228642
236006825629
236012439772
236006825638
335804228636
236006825651
236006825663
336032868357
335871483780
335870140212
236022201124
335870140209
335804252244
335804252266
236006825625
336032868368
335880057505
236012439764
236022201120
336005366649
335879982280
236005282775
236013515696
335863469846
335862450683
335804228624
336029139795
336047659233
336003456363
336032868364
236180640799
236165112526
236013515701
336032868366
335871589233
335864119504
336029139817
236012361045
235967486378
336005366652
335871483800
335879982296
236210242996
336240449818
336240449844
236059045049
235999937938
236356498949
235999937937
236360992854
236341384026
335536521212
236005375371
236356498952
336191306656
235999987039
335862574153
335856919255
335856919249
235999987034
235999987020
335856919257
336204957441
336194400866
236012322947
335536521230
335856919264
336191306722
335536521225
236005375380
235999987035
236059163293
236360992844
335862574157
235999987015
335536521219
235999987023
236006319367
335857003827
335870140194
236348012417
335869988034
336273353466
335916300591
335857003829
335857003843
235702792442
335857003851
336196998867
335916213570
236348012410
335869988040
236348012420
235999937980
236348012421
335916213537
335863469850
336196998850
236348012440
335916213563
335869988048
335869988054
336273353265
335916213561
336196998833
335857003828
335870140193
236356498934
236345112272
235999937953
335857003811
235644516778
335917968250
336273353249
236356498922
236356498918
236345112246
335917968235
336204957388
335916213475
335916213482
235999937979
236057015861
235702792453
336200957652
336200957606
336200957594
336200957583
236057015872
236057015886
236352194599
236352194592
236352194588
335856919246
236022201140
335856919245
335864119478
335856865266
235728989701
336167069452
336167069448
336288602361
235999827042
236314036672
235999827040
335561500067
235999827035
235999827029
235728989707
236076310860
335856865263
236463203457
335935205910
336288602351
335856865272
335856865276
235635240107
335927624393
335927624395
335927624404
236069443282
336170014041
335930943105
336170014023
236072533762
235999868792
236072533768
236317466227
335930943114
335930943129
336167069540
335930943148
235999827017
235999827016
236006510108
335936878298
236466047080
335863682585
335570939705
335570958500
336291175556
235739897991
335936878291
335936878301
336162308848
335863682578
235746800480
335577598036
335577628259
335577628265
335863682562
336158610936
335863682587
335855364070
335863682590
335863682592
336162308846
335864119467
335855438857
336162308829
336288602594
336288602933
236006825634
236076488842
335855364075
236076488857
335863682559
236465856377
335935412251
335935412254
236076488867
335927624384
335927624383
235636872791
236006510071
236065948092
236065948119
335923988368
335923988377
236332741268
335923988381
235702681555
336281902906
336177495142
236065948125
236329376094
336180455727
235999868812
235999868811
236460390541
236329376041
236065948076
236065948074
335863469884
335869944560
236448938150
335856919242
336277786728
335869944584
236064418302
236064418307
335922512315
235705676785
236448938175
335923988347
335869944576
235705676789
335869944573
336277786755
335863469859
236329376039
235999868808
335927624375
335927624316
236069443270
236006510107
335864168627
335927624305
335927624307
335927624310
236463196621
235720218275
235999868798
236325870434
335927624334
335927624337
335927624338
335927624358
336174065767
236006873516
236069443268
236325870493