236154125248
236154125268
236154125276
336019159075
336019159085
336019159086
336019159111
336019159009
336019159115
336021074547
335900649356
336021074570
336021074585
336021074613
335900649354
236158624248
335900649351
336024684197
236158633988
236160997601
336019159014
236154125225
236143782333
335901051964
336005366651
236146941716
236146941717
236146941749
236146941770
236146941776
236146941797
336009823667
336009823674
336009823731
336009823765
336009823805
236148469178
236154125217
335901051953
335901051948
336011834163
336011834175
236148469200
336011834183
336011834185
236152158253
236154125191
236154125195
236154125206
236154125215
236131988979
335901052355
335990474584
335982112462
335982051397
236123914777
236123914782
236123914789
335982073714
335982112438
236123944806
236123944808
236123944815
335982112443
335982112444
335982112452
236124127837
335982051390
335982256865
335982256872
335982256873
335982256875
236126141794
236126141814
236126141816
236126141825
236126141826
236126141840
236126141841
236126141871
335982051394
236123888210
236127368223
335978243715
236119847114
236119847128
236119847135
236119847139
236119847152
236119847154
236119847156
236119847179
236119847190
236119847198
236119847203
335978243705
335978243723
236123888207
335978243729
236043244224
335978243747
335978243791
236123865946
236123865947
236123865962
236123865966
335982023825
335982023827
335982023828
335982023830
335984412925
236127368226
335990474583
335990403634
335989166117
335989166122
335989166134
236131758370
236131758372
335990348354
335990348365
236131797194
236131797196
335990403622
335990403623
335990403627
335990432325
335989166101
335990432327
335990432328
236131886364
236131886365
236131886370
236131886377
335990474547
335990474552
335990474554
335990474560
335990474567
236131886375
335989166116
335989166045
236127384593
335987398167
236127384597
335985747807
335985747816
236127699622
335986152375
236128989833
236128989834
236128989835
236128989837
236128989840
236128989842
335987398166
236129002849
335989166033
236129002851
236129002853
236129002867
335987426392
236130557307
236130557311
236130557323
236130557336
236130557337
236130557339
236130557365
236130557379
236160997603
236160997605
236160997606
336035801259
236168630387
236168630389
236168630390
236168630391
236168630392
236042901722
236168630395
236168630397
236168630398
236168630399
236168630401
236168630402
336035801261
236168630383
336035801265
336035801267
336035801268
336035801273
336035801275
336035801292
336035801293
236168858569
336036087688
335898761914
335898761908
335898761901
236168630385
236168630381
236040908276
336032868385
336032364200
336032364204
236165575312
236165575313
236165575327
336032868356
336032868359
336032868367
336032868373
336032868374
336032868375
336032868381
236166834998
236168630380
236166835000
236166835002
236166835011
336034000031
336034000033
336034000043
336034000046
336034000049
336034000050
236167041924
236042901725
236168630375
236040908278
236040908267
336032364197
236186123198
335897867205
335897867200
335897867198
236039781051
336036096534
236039781046
236039781044
236039781043
335891514261
336051729547
335891514256
236186123196
336053125024
236039781066
336053125025
336053125026
336053125028
336053125029
335891514255
236186281933
236186281940
336053282132
336053282136
236188137028
236188137035
236188137040
236039781057
236039781068
336036087716
236039793594
236040908266
236040908261
236040861289
236040861286
335898706320
335898706305
335898706297
335897887187
335897887185
335897887184
236039793603
236039793600
236039793593
236039781076
335897887180
335897887178
335897887176
236039793592
236039793591
236039793584
236039793583
236039793581
335897867230
335897867222
335897867220
335897867219
336032364199
336032364196
236160997608
336028072531
236161240765
236161240770
236161240772
236161240773
236161240776
336028072504
336028072507
336028072508
336028072515
336028072521
336028072524
336028072525
336028072535
236161240762
236162218014
236162218018
236162218023
236162218024
236162218026
236162218027
236162218028
236162218029
236162218034
236162218040
236162218042
236162218043
236161240764
335900649347
236162218049
336027755520
236160997610
336027755502
336027755503
336027755505
336027755506
336027755508
236160997622
236160997627
236160997631
336027755513
336027755515
336027755518
336027755522
236161240755
336027755524
336027755528
336027755529
336027755530
236161240746
236161240747
236161240748
236161240750
236161240751
236161240752
236161240753
236161240754
236162218046
236162218052
336032364195
236165112541
236165112505
236165112510
236165112519
236165112520
236165112521
236165112523
236165112524
236165112528
236165112531
236165112534
236165112535
236165112536
236165112542
236165112499
236165112545
336032364165
336032364166
336032364167
336032364168
336032364171
336032364173
336032364178
336032364184
336032364187
336032364188
336032364193
236165112503
236165112498
236162218053
336029139798
336029139776
336029139780
336029139783
336029139784
336029139785
336029139787
336029139788
336029139790
336029139792
336029139793
336029139794
336029139796
336029139799
336029139826
336029139801
236162218065
236162218067
236162218074
236162218076
236162218077
236162218078
336029139805
336029139807
336029139818
336029139822
336029139825
335976442745
335976442729
335976442707
236064418308
236064418288
236064418289
236064418290
236064418294
236064418295
236064418296
236064418298
236064418299
236064418301
236064418303
236064418305
236064418306
236064418309
236064418286
236064418311
236064418312
236064418313
236064418314
236064418316
236064418318
335922512304
335922512305
335922512306
335922512307
335922512309
335922512310
236064418287
236064418285
335922512317
335917968260
236049202491
335916300578
236049202487
236049202485
236049202469
236049202466
335905424975
335905424973
335905424965
335905424964
335905424962
335905424959
335905424955
236064418282
335905424953
236047253917
236047253909
335918117198
335918117201
335918117205
335918117210
236064418274
236064418275
236064418277
236064418279
236064418281
335922512312
335922512319
335916213576
335905424933
236067656957
236047253881
236067656964
236067656967
335905424939
236067656973
236067656974
335905424937
236067656979
335905424935
236067656982
236067656985
335905424930
236047253888
335905424927
335925745840
335905424923
236069443191
335905424922
236069443261
236069443263
335927624350
335905424914
236072533708
335930943098
236047253876
236067656952
335924047447
335922512320
335922512343
335922512324
335922512325
335922512327
335922512328
335922512329
236047253900
335922512334
335922512335
335922512339
335922512340
335922512341
335922512342
335922512348
236047253889
335922512353
236065948060
335923988333
335923988346
236047253896
236065948096
236065948115
335923988396
236047253891
236065992856
236065992861
335924047440
335907541442
335916213574
236072533716
335909203012
236050505570
236050505582
236050505591
236050505595
236050505601
236050505610
236050505627
335909202978
335909202992
335909202994
335909202998
335909203004
335909203013
236050505562
335909203016
335909203017
335909203018
335909203051
335909203061
335909203064
335909203066
335909203076
335909203078
335909203080
335909203086
236057015823
236050505564
236050505557
236057015828
335907541537
236049202538
236049202540
236049202551
236049202552
236049202508
335907541503
335907541505
335907541511
335907541514
335907541515
335907541532
335907541492
236050505510
236050505556
236050505511
236050505520
236050505524
236050505529
236050505531
335909202971
335909202972
335909202976
335909202982
335909202988
335909202989
236050505532
236057015826
236057015830
335907541444
335916213516
236057015906
236057015912
236057015913
335907541452
335916213489
335916213490