236368270334
335990562351
336219847366
335958136161
236076488849
336263123221
336263122541
236123888213
336005128108
335978243812
236102845338
236087318086
236081155757
236108086935
335966770636
335966770637
336263123788
236002879202
335990562349
336273353467
236118111935
236154125269
336277786484
336016681125
336194400892
336036096525
236223184657
236029750502
236465856376
335917968240
236075201704
335917968237
335930943110
335933471491
336036096520
335916213529
335846773215
335916868771
336036096549
335888537533
336036092811
335905423998
336255881946
236074736625
336273352926
336174066476
236057093080
236223353167
336174065775
336011834151
236441805410
236242946915
236197108686
336187498664
335860367716
236441805718
236441805896
336219847350
236441806585
236214673490
335966770653
336063509567
236428019386
236430292459
336263123210
236419169675
336066939641
236223637353
336255877996
335982023832
236126141815
236043244190
236130557324
236419170292
236200831509
336219847321
336067131739
335954367879
236138555893
236143619226
236143619234
335925745838
236143952066
236419172136
236119847176
336257758197
236087318102
336019159104
236059045063
336036087701
236304345411
236074736628
336085052103
236287343718
335933471485
236168858611
236079886817
236076353251
236223184643
236168861491
236188137042
336081617282
336151170527
335907541499
236448938153
236448938173
336240449809
336121693673
236076353249
336255881173
236217935214
336036090338
335961832994
336085052106
336240449839
335938575770
235998265510
236308753569
335938552611
336223709380
236043243376
335976442705
335976442700
236003084994
336108025414
236341384022
236118111958
236118111951
236168630386
236001681646
335935284343
236083493922
336185349536
236221801850
336066939659
335971072950
236112778543
335978243712
336085052097
236419172161
236112778534
236428021632
236112778536
236428021218
335976442734
236201120267
336081617300
236419172564
236419172583
236214895404
236118111918
335976442672
336072595243
336189375979
236223332791
236221801838
236206353986
236206353982
335971265940
336070379646
336070379632
335976442723
335976442739
335976442752
335971265938
336067131732
335971265937
336255882674
335976442668
236275061823
236334498545
336255884151
336059741911
236154125273
336019159105
336021074563
336021074619
336255884777
336028072536
236304345393
236167041910
236112537266
336255884139
236419171702
336151170580
236168858594
236262905648
236419173452
336255884202
336255881176
336255881165
236168862824
236168862835
236168862842
236419173488
336248487848
336136762850
336036092770
336255884154
336255881174
236419173474
336036092796
336255881898
336063106204
236334498544
336063913323
336263123219
236334498536
336086730986
336086730990
336255882710
236200831500
236224076069
236138554878
236224076085
236224076087
336087097215
336009823799
336087097218
236419173476
336063913321
236154125256
336177495065
336063913320
236197604363
336257757652
236197604356
236419171679
236325870444
336090267047
236325870390
336063509564
336174065754
236419173448
336255884784
236154125234
336248487849
336263123810
236044218218
236400723674
336240449823
335936878292
336277786972
336240449831
336248489450
336277786983
236400696277
236076488854
236400711597
236455188363
236409498416
236400719094
236400719097
336241677204
336241677206
336241677208
236460390595
336240449804
336234543514
336248489457
236389636192
236091694751
236389303836
236389303845
236087318059
335942848342
336232934673
236441805709
236448938141
236079886822
236389636198
236389636199
336233009139
336233009140
335938986780
335938986772
236079886831
236463202888
236047252108
335952030011
336241680557
236409495000
336291021425
336248487438
236409498402
336248487445
335916213534
236409498398
335916213517
236409495784
236409495785
335907541462
236409495789
236409495790
236055643298
336248487826
336248487831
335907541507
236409498404
236409498405
336291021228
336241680571
336241680564
335930943152
236400723690
335930943145
236465855899
335930943131
335930943127
236072533780
336248487044
236072533761
236072533744
236072533730
236409493960
236409493962
236409493963
236465855902
236389303831
336248489452
336084148032
335966892472
236108281200
236108281194
236384193448
336263125412
336204957434
236428022225
335966460354
335966460337
236107792124
335958482924
336248490244
336248490236
336248490234
236409499364
335958136156
236108281202
236409499365
335966892475
335971072922
335952030035
236389303820
236112537231
335966892486
236428021647
236003615507
335909203052
336036092807
236119847159
336248490241
236336956604
335976442753
336277787231
336036092784
236336956609
336036092776
336240449852
336072595223
336248490232
236168862846
336036090304
236168861493
236419173755
236168861494
236168861524
236168861530
236168861536
336036090315
336143110314
336036090316
336036090335
236168862820
236168862825
336084148006
236168862826
336054952213
336196998828
236368270322
336191306672
336189375971
235991585160
236065948089
336255882707
336263123827
236029750513
336086730984
336255882701
336066895549
236419172608
236419169631
236210269500
236201120269
236204171430
336070379641
235991585162
236214673529
336066864952
236239886866
236400723694
335966460338
335966460351
236345112264
236339051125
236021001073
236419169640
236200803337
236168861488
236069443269
336255883323
335976442667
336248490254
236214895411
335927624414
236389303825
336255878483
336233009123
336232934684
336255884771
236081155732
336233009130
336255881146
236389665952
236428018752
236421501002
236002879191
336232934648
335938986774
236166834994
336232934613
336248489882
336257756607
336232934627
336183754310
336223709357
236304345422
336232765578
235998265512
336233038586
236168858575
236441805900
236384193481
236384193479
336232934729
336255884794
336151170562
336036087697
335947041021
236441805429
236032603692
236441805426
335860138759
336011834136
236093856884
236114321247
236040908271
336011834150
236108281193
236059163302
336273352923
335923988374
236049202450
335925745834
236098277894
336273352931
336273352934
336273352936
335925745853
236148469196
236069443265
236002879210
336011834576
236200900190
236049202465
236108281201
236049202454
236428018768
236148469173
236214673514
236428018790
236148469168
236003085009
236441805404
236148469165
335916213468
336009823777
336009823743
335909203075
236428019384
335907541533
335907541516
236091694783
335907541497
335907541456
236210269494
335916213488
236108281204
236059045045
236421502024
336066990486
336066990514
236087318089
236152576728
236466047606
335860313905
335860313911
236441805411
236466047609
336291175917
336291175918
336263124307
335916213533
236087318118
236441805556
335990432329
236044227579
336036092783
236077843323
236168862839
236168862841
236077843316
236168862843
335897887179
236047252053
236168862848
236162218061
236168862851
236168862861
336036092762
335860138779
335935412252
236428019404
335958136164
336036092772
236168862834
236168862827
335987426397
335958136144
236112537269
335982112449
236079747895
236079886810
335982112456
236077889366
236079886813
236448938327
336034190459
335958136146
236002879230
236079886823
236168862819
236448938156
335958136158
335958136159
336036092775
236162218038
335966770640
236428021216
236155704378
335933471483
335965187026
236463204083
336051729522
335938986794
236188137125
336056355930
236189623301
236430292465
236196693518
336019159089
335902199832
336063106212
336063106216
336063106221
336263123212
336036096567
336036096561
236168865076
335958136168
236047252081
335938986776
335958136143
335935342840
336255884165
336028072533
335958136166
236161240756
335933471488
236168865067
236168865071
335958136140
236106357595
236131797186
336036096544
236119847119
336036092768
336036096519
336136762907
336177495061
236223332782