335804228622
336059741896
236463203446
336263125422
336059741903
336059741879
236193067295
235694233241
236200954879
335467022916
336234543515
336234543507
236188137084
236466047061
336234543519
336056355929
236200900154
236200954875
236188137107
335804171876
236189597401
236188137124
336056355935
335804171886
335804171869
335804171888
335804171868
336051729543
336054952211
336288602944
236428019397
236200900179
236196693523
335802779935
236196693532
335804114891
336053282155
236187391106
236400700895
236400700894
336241656968
236441805562
235645870639
336053282148
335803904166
336240449897
235691777087
336053282153
235663710957
336054194846
336053282157
236400700897
236400700898
336241660575
335478278000
235950032262
236187391094
336241660576
335523390918
236187391099
336241665593
235688915889
336241665594
236448938177
236400711609
336241668676
236400711614
236460390558
235949936331
236200900144
236186281921
236186281931
335526038229
235658181102
336063106247
236186281929
335490660780
336063106202
235691777090
236186281917
236186281912
235949980412
336288599499
236196693539
336257756598
336277786734
236186281932
235949753493
335496061388
236430292453
335478278007
335804114919
236186281934
335803904144
236460390566
236186281936
236186281938
335804114911
235949936337
336053282147
336054194847
235663710956
236391558053
236218466149
236200954890
336146787352
336146787330
336146787332
236225349522
235817004466
336146787336
235817004454
336146787340
336146787344
336151170490
336146787328
235817004445
236296401072
235824008787
336151170507
336151170512
236224076083
336151170590
336151170611
236225349526
235824008735
236300119983
236291712041
235817039760
335655603411
336143110242
236291712005
236291712021
335661173881
335661173885
236291712030
336088203343
336146787322
236291712042
335661173892
236291712055
236291712056
236225349544
335655603369
236291712080
236225349529
236300119972
236300119989
235821106707
336086410109
336086437677
235839024069
236223372481
336086410133
336086410119
236223353187
236223353184
236223353174
236223353171
336086437694
235728989695
236223353166
236223353163
336086381030
236314036719
336086381025
335685883373
336086380993
336086437688
336086437697
236224076009
336158610925
235824008819
236300119997
336154762034
336154762052
336154762079
236304345376
336158610882
336158610921
336162308771
336086437700
335570958505
336086437723
336086437714
236223372565
236223372538
335561500075
336086437710
336086437704
236287343684
336140433659
335528238111
335657287921
236254639817
336114540597
236247201854
336114540620
336119706265
235818263682
235818263677
235818263676
236242946979
236247201858
236265291264
236242946964
236265291307
236265291338
336104163060
236265291438
235818485590
236275061793
236254639775
236254639769
236275061841
236254639736
336109849864
236249280309
236249280300
336109849857
336109849831
336109849873
236249280283
336109849876
336108029246
235818263692
236247208104
236254639737
336108025410
336108025395
336108025381
236254639759
236254639764
336108025368
235818165448
336132718776
335655662963
236239886875
236239886908
236239886896
236279868750
236239886893
336136762843
335661173863
236239886880
336136762875
336136762881
236279868739
336136762889
236239886874
236239886873
336136762908
336136762912
236284079367
236239886847
236239886846
236239886911
235818165423
335657637696
336132718818
336132718784
336101357600
336101357599
236239886923
336132718795
336132718798
336101357593
336132718811
336101357581
236239886913
336101357575
235818165445
336132718848
336101357564
236279868696
236279868699
336101357552
336101357536
336086380991
336086380987
236317466212
336075948263
235942179588
336075948304
336223709374
336223709384
336075948275
236384193360
336075948271
336075948269
236210269535
336223709349
236210269519
236210269504
335796423968
236384193366
236384193370
336075932898
236384193374
236384193376
336223709350
336223709343
236384193386
235942179474
335794836432
336219847342
236373068023
335794836441
335794836442
236377829101
236377829123
236377829175
235942179516
336223709319
236377829186
236377829187
236377829199
235942179541
236214673464
235942179564
336223709279
336223709286
236384193380
236384193390
336086380967
335797733197
236384193475
335797733177
335797733186
335797733189
335531127359
335797733190
335531127353
235697175347
235697175343
336228694217
235948579568
336066990519
336066990464
336066990455
235697106139
335530077497
235695995528
236200954891
236384193461
336228694210
236384193392
336228694148
236384193412
236384193413
236384193429
235943508519
236384193431
236384193435
236384193438
336228694142
235943508546
336228694200
336228694150
336228694155
336228694159
336228694162
336228694183
235943508553
336228694186
336228694190
336219847338
235940449444
336219847316
336180455749
236223332804
236223332792
236223332786
336177495121
236325870504
336177495125
236223332770
335539014393
336183754240
335539014410
235705717460
335538962677
236223184707
236341384005
236341384008
236341384023
236223184692
236223184651
336177495111
236223332812
236373067974
236223332859
336086380961
336170014021
336086380960
336086380948
336086380946
336170014029
236223332864
236223332860
235728989693
336177495014
236223332845
236223332841
236318329518
335553546857
236223332830
236322179901
336174066481
236223332821
236223184612
236345112232
336194400867
236364818679
236356498951
336109849865
235940449417
236218466106
235702792439
235940449421
235940449423
336209224534
335535307845
335720207580
336212716090
236368270294
236368270307
236368270315
236368270382
336215773275
336215773280
235940449439
236218466165
336200957671
336200957581
335790733099
236345112265
236345112275
235865941739
235865941745
335722168806
236345112287
236345112288
235936545236
235936545237
235936545251
235936545252
336082005526
336194400894
336082005519
236348012443
336196998857
335790733079
236284079414
335972743010
336047659236
335891426717
335982023842
335982023835
335982023826
236123865972
236032733212
236123865951
335978243801
335978243786
235976544294
335976442702
335891426736
335891426739
236039781050
236119847164
335897867204
335897867212
236039781060
335976442732
335982023843
335982023853
236032733211
236032733199
335984412952
335889648291
236030972456
335984412926
335889927359
335889927371
335830032011
335830032012
335984412917
335984412916
335984412914
335984412902
335889927380
335891227698
236032733183
335982112465
335982112453
335832208662
335897867224
236022201146
236112537230
335833852188
335857144121
335971072984
335971072961
236112537272
236047252042
335971072913
335971072886
236112537225
335897867228
236047252088
235988088458
235988088466
335905423969
335842839262
335857144119
235991334299
335966770643
236044227650
335972742997
335972743005
236044227580
236040908272
335898761903
335898761907
235976544329
335898761910
236040908286
236118111947
335898761920
335898763293
236043243823
236118111922
236118111921
335902188694
335902188712
236118111890
236044220017
236044220019
335984412977
236030703728
236030703690
335826855806
335881762279
236137594169
335996332264
335881762286
335881762297
236023633054
335995531454
335995531453
335995531450
236127384589
335995531448
335860138755
335995531441
335860138754
236136818313
236029653909
236136818297
236136818291
236137594202
236137594229
335996332278
236022582241
335881352264
335881581019
335881581022
236140289560
236140289530
236022582216
236022582219
236022582220
236140289496
236138555910
335997602350
236022582227
236138554860
236022582235
335996332318
335996332302
236022582237
236029653912
335990562354
236029653918
236001556188
335989166028
335859022131
236030672336
236030672351
236130557392
236130557367
236130557355
236130557325
335987426398
335889611275
335889611281
235974934272
335889611289
235974934276