336009823788
336223709363
236300119981
236300119984
236146941775
335905423951
336005366640
336005366641
236448937933
236304345421
236304345419
236143952078
335918117200
236448937932
336005620061
336005620068
236448937931
236304345409
236377829149
236304345388
236106357563
236304345380
336154762075
336154762073
236377829163
336154762051
236146941748
336009823791
336223709365
335961833042
336146787388
236059103924
236148469205
336146787380
336277787237
336011834189
236102845317
236152158207
236102845314
236152158208
335961833007
236152158210
335961833001
336016681177
236059103918
335961832998
236152158213
236152158219
236152158220
335961832992
236152158225
236152158226
236102845324
336146787398
336009823808
236102845330
335961833034
236148469162
335961833031
335961833030
236148469164
236296401107
335961833025
335961833023
236148469166
335961833021
236296401089
236059163287
335961833016
236296401073
335961833014
236296401068
236148469187
336011834139
336223709377
236102845332
335918037573
336016681175
336016681185
336016681178
336021074543
336021074516
336021074518
335978243763
336021074526
336021074529
336021074532
335916868780
236391558060
336021074536
336021074541
336021074545
335958136162
336021074548
336021074549
236441805574
236155704419
236155704420
335916868773
336234543512
236155704422
335958136165
236049202472
336021074515
336021074512
336021074509
236155704408
336019159114
236441805713
236020833247
336019159117
336143110262
236155704380
336273353102
236155704383
236098648503
236155704385
236155704386
236155704389
236155704392
236155704394
236155704396
236155704397
236155704398
236155704401
336273353088
236155704402
236155704406
335958136163
335958136160
236441805714
335954367916
336021074595
336021074598
335916868766
336021074610
336021074612
236287343726
236158624230
236098093081
236049202480
335954367917
335954367914
236155704440
236398857676
335954367909
236057475918
236287343713
236287343712
236093856942
236093856941
236093856939
236287343703
236057475916
236098277895
336021074592
236098277898
236044227582
236155704447
336021074552
336021074556
335958136155
336021074569
335958136153
336021074572
335958136150
336021074576
335958136148
336021074577
336021074578
336021074579
236398857645
335958136142
335958136141
335902191133
236098277908
236287343734
236287343733
336021074588
336143110268
336019159108
236152158305
236291712057
236291712069
336277787240
236154125197
336228694211
236154125198
336228694213
236154125200
236154125203
236154125204
236154125207
236291712053
336146787286
236154125214
236384193464
236154125218
336277787245
336019159006
236384193471
336019159013
336019159016
336019159022
336019159023
236291712071
236154125187
336146787325
236154125179
236152158308
236152158309
236152158311
336228694157
335958482929
236152158316
236152158318
336016681182
336016681184
236143782335
236441805897
336016681187
336016681190
336016681194
336228694177
336016681198
236152159003
336016682002
336146787327
236154125178
336228694192
336019159027
336019159031
236441805717
236154125275
236098648554
236154125230
236154125233
236455188368
236154125250
236154125254
335905424970
236154125263
336273353242
336143110298
336273353240
336019159032
236049202451
236020833273
236154125279
336019159072
336019159076
336019159077
336019159088
336019159095
336019159098
236098648521
236154125228
336143110319
336019159068
336273353253
336019159035
336228694229
336019159037
336019159038
336228694235
335879865666
336273353456
336019159045
336019159046
236455188356
236441805891
336019159050
336019159051
336019159053
336019159055
336273353262
336019159060
336143110321
336019159063
336273353256
336019159067
236304345428
336158610916
236304345433
335922512344
236448938330
335901052835
336277786466
335901052836
236448938331
335901052837
236448938334
335976442682
335922512346
336277786465
236448938336
236448938344
336204957432
236129002855
236448938337
236448938338
335881352267
236448938340
335922512338
335922512337
236448938342
236448938343
236448938324
236127700979
336204957404
236065948070
335984412923
335984412928
236043244175
236119847113
335984412936
335984412942
335978243686
335984412954
335984412968
335984412969
336277786472
236341384044
236065948077
236043244260
336277786763
335901052809
336204957390
236448938320
236341384021
236448938321
236127384596
336277786464
236448938347
236065992859
335972743003
336277786461
336277786965
335972743031
336277786967
236332741316
236364818672
236332741315
236131797188
236114321325
335972743011
336277786969
335901052869
335990403618
236114321222
236114321205
336212716049
236044218196
236131812509
335971265949
236332741280
336277786971
236044218206
335922512311
335922512316
335989166170
236332741328
336183754357
336183754332
336183754331
236130557356
236118111941
236360992863
336183754324
236360992869
236130557375
336183754304
336183754296
236130557384
236130557386
335922512321
336183754284
336277786959
335989166058
335989166081
335989166110
335989166121
336277786962
236119847117
335984412910
236106357603
236348012403
335978243814
236348012432
336196998866
236352194545
236348012430
236348012426
236348012423
335978243717
236348012414
335901052807
335982023849
236119847191
236352194576
335923988408
335923988370
236448938143
236348012395
236348012391
335901052792
236119847200
336194400907
335901052789
335978243730
236043244209
236348012438
335978243798
335978243760
335978243774
336196998829
336277786721
335978243754
335978243753
335978243751
336277786717
335978243778
336196998849
335978243783
335978243784
335978243744
335978243742
336196998858
335978243785
236043244218
336196998861
336196998862
236348012449
335978243734
336194400901
336194400896
336191306652
236043244187
236356498891
236126141819
236126141824
236345112239
336277786477
236119847150
236356498899
335984412895
335984412899
236119847142
236043244186
336194400893
236119847137
236126141830
236126141839
236119847134
336191306674
236126141851
336191306665
236126141864
236126141868
236126141870
236126141818
336200957691
335901052777
236119847160
236119847188
336194400890
336194400882
236448938162
236119847184
336194400873
336200957620
335901052781
336194400872
236119847178
336277786483
236345112294
236119847175
335901052779
236119847172
236021001091
236126141789
336277786480
236119847165
236126141792
236345112282
236112778548
335990432332
336277786976
236448938531
336215773232
335999935895
335966892468
335902188710
236108281211
236108281209
236108281208
336215773238
336168311924
336168311918
336167069545
336167069466
336167069532
236064418284
236314036728
236142445394
236064418283
336167069493
236067656970
236044218242
335966770642
336003456353
236317466203
236317466214
335966892478
335902188702
236140289511
236112537214
236112537213
236322179930
236112537208
236112537206
236064418293
236112537204
236448937947
236112537201
335999935865
236112537198
236064418291
236140289529
236322179881
336170014040
236140289580
236112537184
236112537182
335879982270
335966892487
336167069480
236108086954
236112778532
236308753560
236107792106
236308753618
236308753601
236308753585
236373068011
236373068012
336277787222
236023633043
336162308788
336162308761
236308753545
336167069454
336158610922
236093856933
335918117206
336158610906
336158610894
336158610880
236377829096
336158610876
236304345440
236304345438
236064418276
236308753638
336162308799
236107792119
335905424938
236314036714
236448938536
236314036667
236373067973
236314036660
236314036657
236373067980
236314036653
236373067982
236314036638
236373067993
336162311903
236308756653
236373068002
336219847318
336162308835
336162308831
336162308828
336162308827
336162308802
236112537217
236322179933
236112537226
236112537264
335971072939
335971072938
236137594134
336180455725
335971072935
335971072933
236112537274
236112537271
335996332254