236069443257
336177495010
335539014396
236460390562
236069443194
236069443197
236069443209
236069443210
236069443217
236069443219
235705834710
235705899225
336177495057
335539244755
236069443221
236069443226
236069443231
335857068683
336215773196
335857068688
335528238110
236030672352
335528238073
236030672354
335528238074
236020833283
236020833281
335889611270
335889611280
335499099959
236020833271
335889611283
236020833265
335496219729
235696071959
335530145231
335889611296
236030672335
335859022136
335889611298
236020932189
335879982281
236020932194
236020932192
335888442766
335888442773
236020932190
335888442783
335860049474
335879865670
236020932184
335879982276
335879982271
335879982267
335879865684
335879865678
335879865672
236020833262
335889611305
335879982284
336257756613
236384193478
335876446110
335490660739
336158610923
335531224162
236032733226
236384193459
336257756614
235697284202
236017891538
336228694201
336228694198
335897867202
236017891537
236017891535
336257757011
236020713610
336228694220
236030703683
236001310218
236020833252
335858738218
236020833249
335879752388
236002879223
236032538194
235697175359
236032603682
336228694223
236001278881
236020713637
236032733184
236032733185
335857144138
335490660782
336228694236
335528238051
335879982288
335857068701
336241665595
336241665585
336241665592
335524761213
335881581023
336241656960
236022201130
335881581024
236022582217
236022408263
236400696287
236400711595
236400711600
236022582225
236022201123
236400711611
335880057522
335881581017
236022408260
335880057516
236022201133
236400707350
236022201137
335881352241
335523390945
335881352254
335881352257
335523390964
336241660583
236022408254
335881352265
236022408234
236022408238
236022408243
236022408244
236022408246
236022408252
236022582228
336241668666
335860049479
336240449815
335860138758
235691777117
236021001086
236025450347
236021001083
236029653910
336240449821
236029653911
236021001095
236021001074
336240449806
335879982292
236029653927
236029653945
335879982291
235694233245
236002879203
236023638177
336241668668
335881762282
336241668669
335880057513
335881762278
336241668672
335880057510
235688974784
235688974776
235688974774
236021001100
335880057499
236023633048
335883093983
335883093986
335883094013
236398857700
236021001101
336228694178
336228694173
336228694170
336215773242
336215773286
236013674951
236005282764
236000045286
336215773256
336215773246
335535307828
335535307839
335907541478
335857068706
336215773233
335862450704
335871483801
336215773225
335857068705
236400707353
236049202499
236373067965
236050505522
335860237591
236377829099
236377829088
335871646433
335857144117
235701496976
236049202464
336219847346
236000045307
235654396158
236000045306
236049202475
236000045298
236428021649
335871646429
335535307823
236373067987
336263125431
335871483788
336228694167
336209224552
335909202996
236441805419
236364818682
236013515718
235702681500
335909203021
236364818615
335862450707
236050505624
336209224539
335909203062
335862450711
336209224520
336209224495
335909203074
236013515695
336212716088
236050505607
335535307842
335871483782
236368270366
236050505525
236050505542
236050505551
335871483787
335871483786
236441805399
236368270333
236368270262
236050505566
236050505573
236368270299
236050505597
236050505600
236013515725
236368270269
236377829100
335905424013
335905424009
236384193373
335857144131
335901052800
335901052815
335876398225
236044218221
236044218230
236044218234
335902188729
236043243864
335902188730
335902188732
335902190728
236428018793
335857144123
336223709348
336223709346
335857144132
235655460167
236377829116
335898761900
236039781063
236039781071
236039781077
336257757020
335531224182
335857144135
236040908275
236017891519
236421503751
336257757233
235656827369
336257757662
236384193436
335489193441
235655460174
236421503090
335902199848
335902199885
336223709326
236047252131
335905423966
236003033448
335905423971
335905423980
335905423985
236047252116
335871682216
236377829172
236044227675
236377829152
236377829145
236377829137
236377829132
236377829131
236377829129
335905423978
335905423949
336263123228
335905423947
236047252093
336223709320
335875609416
336223709315
236047252029
335875609411
336223709311
236047252041
336223709300
236017139578
236047252048
336223709289
336223709288
236428019402
236047252070
335487996778
236077869361
335942848368
335855364064
236140289587
236140289547
335794836449
236140289562
235942179480
235942179498
236140289571
236140289574
236140289575
335796423929
236140289578
236140289589
236140289541
236140289596
335999935868
335999935880
335999935892
335999935893
335999935940
236214673458
235942179574
336075948323
236142445401
236140289543
236140289527
236142445402
236137594234
335995531457
236137594149
335996332242
335996332248
335996332251
335996332255
235940449409
335996332260
236137594152
335826855794
335996332280
335999935863
335826855788
335996332285
236138554857
236138554858
236138554880
236140289495
236140289500
236140289502
236140289508
335999935861
236210269551
235972475176
335790733085
336005366645
336005128210
236143782321
235942179603
336005366625
336005366626
235942179606
335796424034
336005366639
336005366642
235943508532
335823068048
336005128202
236143952062
236204171428
335823068045
335823068042
335823068031
336005620049
235967486375
335823068028
336009823654
236146941715
336005128207
336005128190
336075948296
236143619298
336075948285
235972475167
336005128117
236143619252
236143619263
236143619268
336075948260
335796423942
236143619284
335796423963
236143619299
336005128171
236143619300
236210269496
236143619313
336005128124
336005128132
336005128140
336005128144
336005128147
236210242965
336005128163
335995531452
235973364109
335976442661
236126141795
335685883368
336086381015
336086381005
336086381002
235974934294
236123944814
336086380990
336086380989
335982112466
336086380976
236126141806
235976544280
236126141812
335830032014
335984412888
335984412896
335984412897
335984412920
236223332831
335984412927
335984412950
236223332819
336086381022
235976544282
236223332808
335976442748
336158610920
335976442681
335832208665
335976442699
335832208653
335976442716
335976442719
335976442737
335832208650
335976442743
236119847120
335978243775
236119847145
236119847161
236119847192
236223372453
336086410134
235976544310
336086410125
235976544298
336086410117
336086410115
236223332810
236127384600
235973364135
335990562352
236131797190
235865941742
236131797191
335990403615
236131812518
236131886374
235935219648
235935219653
335990562336
335828043654
335789557091
235973404849
335828043643
235936545250
236136818295
335828043633
335828043628
336082005523
236136818307
335790733072
335790733074
235973364137
235973404836
335720207563
236223332790
236129002864
236127384601
335985747804
236223332769
335985747805
335985747806
236128989829
335987398165
236129002859
236129002861
335685883389
335987426395
335989166059
235864513162
236130557387
236130557393
235864513176
236223184680
335989166019
335989166022
335720207556
335989166024
335989166040
236146941719
236146941724
236146941735
336034000034
236189597406
236189597404
236189597403
336032868369
336054952243
336032868376
236166835010
236166835013
236166835018
235950032249
235950032253
236189597412
236188137095
235950032258
236188137082
236188137079
236188137077
336034000056
336034000058
235964593398
336034190499
336034190504
236189597411
236189597413
336035801285
236189597431
336056355941
336056355939
336056355936
236162218016
336029139803
236189597444
335819578560
236189597437
236189597433
236189597432
236189597426
236189597414
236189597423
236189597422
236189597421
236189597418
336056355926
336056355920
336056355916
336056355913
336056355912
336056355908
336035801264
236168858573
236146941747
336051729559