236336956597
335916213530
236168861496
236168861495
236168861492
236262905658
336121693688
335916213536
336036090301
336036090299
236168861490
336281902903
236168861489
236168861486
236168861485
335907541446
236168861484
336036087721
236168861518
236168861521
336036090336
336036090310
336036090333
336036090331
336036090329
336036090328
336036090327
236260580297
336036090324
336036090322
335846773231
336036090321
236260580300
336036090314
336036090309
335916213515
336036090306
336036090305
336036090303
335916213505
236168861535
236168861533
236262905653
236262905655
236168861529
236262905657
336079140190
236168861522
335846773221
336054952242
335846773220
336066864957
236200954921
236200954876
236200954874
336066939628
336066939619
336291023956
336066939602
336066939581
236200831507
336291021434
336066864959
336066864958
336066864956
336086437661
235991585146
236223637344
336066864950
236200803341
235991585147
236223637348
236223637354
236200803330
236200803328
236200803327
236223637365
236223637369
336066990457
236050505599
336063913317
236210242984
336086381020
336291023951
336075932865
336072595236
336072595233
336072595229
336072595226
236465861128
336072595221
236206353991
336070379651
336070379645
336070379639
336066990474
336070379636
336070379633
336070379631
236204171439
236204171426
336291023955
336067131747
336067131744
336067131743
236201120270
236201120268
236201120266
336086730977
336086730978
335846773219
235991585158
336087097224
236224088935
336075932915
236465855923
236225349546
236227673458
236227673464
236227673479
236227673482
235991585156
236227673488
235991585157
235991585165
336291021208
336090267039
335846773214
336090267041
335846773218
236465855894
336288602953
336090267049
336090267050
336090267051
336090267053
336288602943
236193067286
336291021206
336075932910
336063913308
236224076080
336086730987
336086730992
336086730994
236224075986
236197604367
235991585149
336063509557
236197108682
336063106281
236224076032
236224076055
236224076058
336087097156
236196693545
336063106215
336291021229
235991585150
235991585153
236210243005
335909203044
236032733223
336291021221
336087097161
235991585154
236196693578
336087097179
336036087717
236168861497
336143110323
336143110302
236075201707
236455188393
236154125271
236137594132
236455188388
336180455687
236137594165
336143110301
236154125255
236218466127
336277786984
336143110310
236154125232
336019159064
336036087707
336143110328
336019159028
236329376060
336143110296
336019159103
336085052114
336167069469
335916868768
336021074571
236155704437
236217935212
236287343755
335916868774
335901052374
335916868776
336143110247
236155704367
335916868781
236466047600
336021074504
236217935215
236059045046
236059045048
236049202460
236155704372
236154125229
336177495074
236287343716
236146941731
336167069546
236448938532
336009823744
336009823739
336009823728
336167069529
336277787229
236448938534
236143952079
236059163303
236143952075
336277787225
336158610909
336081617305
336005128167
236308753625
236143619303
336162308825
336009823767
336174065750
336277787246
335917968270
236291712038
236217935217
236448938517
236217935219
336177495070
236154125194
236043243399
336081617285
236152158257
336081617295
236448938519
236152158211
336081617289
236325870447
236322180685
336174065774
236322179938
236322179915
336079318379
336143110238
236287343715
336079318355
236057475920
236057185080
236130557312
336132718777
336291175559
236214895406
336132718804
236334498551
236167041928
236049202500
336126967219
335916416037
336132718828
336183754287
336132718841
336028072517
236334498547
236214895403
236057185077
236275061840
236214895391
236214895397
236268663485
236268663522
236334498550
335916300577
336126967265
335916300587
236275061796
236275061836
236334498542
236275061820
236275061822
236057185062
236275061831
236057185071
236057185072
236029653936
336132718854
236029653932
336036087683
236332741354
335989166139
336036087689
236168858589
236284079368
336140433577
336086208031
236168858591
236168858595
236336956596
336079318376
336036087705
236287343700
236158624251
236287343714
236158633970
336036087684
236158633999
236057475905
336126967211
236160997620
336024684247
336024684237
336126967202
236158634001
336277786958
236268663488
335989166047
336079318366
236268663441
236168858564
236168858584
336024684207
236168858588
236142445385
236021001085
236218466110
236218466121
335935342835
236029750511
335889927376
236076428659
236124127838
336086208004
236131812512
236131758357
236131758360
236131758356
236127699623
236223184701
236131758373
335985716640
236131797195
236131797201
335985716636
236077889349
335902199903
236127368225
236131886369
335891294597
236128989851
236131988976
335982256869
236345112290
336082005472
335936878285
236210242998
236123944803
335935412231
335982051391
335881635252
236223184655
236325870433
236142445395
236400711601
236314036710
236020932159
335900649353
236039781049
336109849826
236020932135
236287343757
236020932139
336108029256
236247208076
335978243689
236104323556
335900649361
335963134150
335963134157
236247201872
236186123200
335891514253
236087318083
236039793589
236087318093
236039793602
236400696279
236044227584
336234543508
336034000053
236391558047
236166834999
236091694748
236275061800
336086208043
335947041096
335947041087
335898706303
336028072530
236005375384
335889648272
236223184640
236373067964
336104163082
336146787391
336011834157
336011834140
336011834137
236225349530
236223332775
236148469186
335901051961
236148469171
336011834127
336212716046
336212716034
336151170565
336086380983
336151170568
236218466101
336011834160
335942848293
335889927356
236368270328
335879982260
236242946948
236242946920
335860367749
236032821189
335860367731
336056378457
336056378463
236368270369
236112537232
336086208096
236291712065
335942848338
336011834186
336011834182
236341384016
236325870496
335860093866
335907541477
335924047442
236072533741
335924047446
335918117197
235998265525
236072533720
236448937937
335930943113
336263122159
335918117186
236325870425
236158633998
236200900178
236102845308
236059163281
336066990478
236167041927
336054952182
236448938345
236214673457
335888515901
336021074528
335918117182
336086410110
236214673520
336215773210
236322179931
336079140179
335916416031
236155704371
236210242995
336053282151
336066990463
336265244333
335925745849
336075932901
236093856872
236398857667
336240449797
236152158242
236152158279
236152158251
236152158249
236152158281
236152158280
236152158239
236384193387
236152158238
335961832981
236152158285
335961832972
335961832959
236152158255
236152158273
236152158266
236152158270
335961832948
236152158271
236152158272
335961832941
236152158276
335961832967
236152158262
236152158277
236152158261
236102845310
236152158264
336146787366
236152158256
236152158302
236152158287
335925745850
336016681128
236102845257
336016681129
336016681130
336016681131
336016681138
336016681146
336016681149
336016681151
336016681153
336016681157
336016681159
236102845243
336016681167
236384193428
336016681168
336016681169
336016681170
336016681172
236102845231
336016681173
336146787355
236384193441
236102845260
336016681127
236102845262
336016681113
236152158288
236152158291
236152158292
236152158294
236152158298
236152158233
336016681107
336016681108
236102845285
236102845283
236102845281
336016681126
336016681118
236102845279
335925745852
236102845277
336016681121
236102845275
236102845273
236102845272
336016681122
336016681124
335961832983
336154762040
236152158231
335883094002
335963134147
236300119958
336223709275
236300119956
336223709276
336223709281
336223709283
236020932166
236146941806
236146941810
336154762004
236152158230
336223709327
336009823707
335918117189
335918117187
336009823761
335925745843
336009823771
236296401157