236308753576
236167041923
335898706319
336063106214
236184649025
236247201815
236463204066
336288602942
335907541485
336087108302
336263122153
236308753574
236087318076
236087318130
236087318029
236067656977
236108086948
236373068001
335925745829
335947041011
335925745847
336228694161
335958482840
236441805726
335947041014
336240449800
236044227590
236441805552
335947041016
236091694726
236108086952
335966770635
236373067958
236126141838
236322180671
236087318043
236087318045
236130557390
335984412967
236126141850
236223353179
236067656963
236348012416
236087318047
236043244259
236067656951
236112537235
236448937948
236043243873
236075201711
236223184698
236214673504
336086208076
335907541493
236049202501
336079140189
336291176407
236466048096
336082005491
236389555003
236389555022
236389555018
336273353243
236210242979
236389555029
336232934622
236098648553
336232934620
236389555025
236389555061
236389555057
336273353238
236389555065
236220817205
236389555083
236389555084
236389555088
336232934640
336232934646
336232934653
336232934699
236441805707
336232934700
336232934704
336232934609
336273353260
236389554992
335902188773
335925745835
336273353463
336223709301
236220817197
335961833036
236220817201
236384193394
236102845297
236102845287
236102845278
236102845246
335907541504
335958482920
236389554979
335958482868
336273353457
236389303822
236389303827
236389303830
236441805892
236389303838
236441805887
236389303840
236389303844
236389554972
336232934713
336232934707
336233009122
336291176368
236220817214
335952030071
236400719088
336241677202
336241677203
336241677212
336291176370
236400723678
236044227599
236400723679
236400723681
335952030023
236400723682
236400723683
236220817219
236400723685
236400723687
336241680561
236441805416
236091694790
236400723701
236091694785
236400723702
336265244335
336241680569
336241680578
236400707329
336240449887
236389636177
336240449875
236389636197
236448937927
336233009124
336233009128
236389636200
236389665953
236389665967
336233038588
336233038590
336233038604
236391558051
236391558067
336234543518
336240449799
236220817208
336240449808
336240449813
336240449834
335954367858
236398857682
236398857683
236398857690
236398857712
336240449847
336240449862
236448937926
236377829144
236220817194
335978243716
336194400875
236348012394
335901052796
336196998823
336196998824
236348012400
236348012404
236348012442
336196998831
336082005515
336196998844
336196998845
335978243707
236049202503
335978243701
236352194591
236119847201
336200957603
236119847177
236119847166
336277786478
236119847151
236119847141
236119847140
236356498915
236356498920
236065948108
236065948097
236345112261
335984412886
236336956607
236336956610
336187498657
336187498659
336187498660
336187498661
336187498663
336187498665
336187498666
336189375969
236448938329
336189375970
336189375976
236448938325
336189375977
336189375978
336189375980
336189375984
336291023954
236448938319
236341384027
335984412983
335984412939
236065948082
236223184671
236119847118
335976442741
236106357562
236466048101
335971072904
335971072902
335971072885
335971072877
335907541518
236466048098
236112537233
236112537227
336082005524
236112537203
236112537202
236067656962
236112537189
335976442703
236112537188
236448937943
336215773222
236220817177
236466048103
236466048104
236466048106
236108086942
236220817193
236377829118
236106357581
236091694767
336277786458
335971072908
335971072910
335971072912
335976442695
335976442685
335976442676
335976442673
335976442664
236118111967
236118111888
236118111885
236118111880
236118111876
335971072971
335971072970
335971072967
335971072964
236044218215
335971072949
335971072945
236112537273
236112537267
236112537251
236112537250
236112537240
335971072923
236066036552
335971072918
336265244331
236409493958
236409493954
236419173086
336255882683
336255882685
336255882689
336255882691
336255882692
236419172606
336255882697
336255882698
336255882712
336255882713
236419173082
236419173084
236419173087
336255882681
236419173088
236419173092
236419173093
236419173095
236419173096
236419173098
236419173101
236419173102
336255883324
336255883329
336255883336
336255883341
336255882682
336255882680
236044227607
236419172563
236419172143
236419172145
236221801837
336255881899
336255881906
336255881912
236419172150
236003144149
236419172159
336255881936
336255881954
236419172559
236419172569
336255882675
236419172577
236419172578
236419172579
236419172580
236419172584
236419172589
336255882655
236221801848
236428020359
336255882661
335902199817
335902199820
335938986796
335938986795
336255883346
336257758217
236419173739
236419173741
236419173745
236419173747
236419173749
236419173751
236419173752
236419173753
336291176381
236419173754
236419173756
336255884770
336255884772
335930943151
336255884775
336255884776
335936899760
336255884781
336255884788
236002879209
236077843308
236076854948
335905423965
236047252076
336257757015
335934018584
335860138762
335938552612
335902199895
336263122151
335938986783
335902199870
335938986773
236419173461
335902199878
236419173464
336255884121
336255884153
236044227662
335860093869
236079886809
236079886805
335930943168
336255884155
336255884158
336255884160
335938575785
335938575781
336085052099
236419173489
336255884170
336255884173
236079492001
336255884194
236002879186
236072533782
236419172141
236419172139
236005282784
236409498395
236409498415
336248489453
236069443279
336248489456
236409498886
236409498889
236409498891
236409498893
336248489884
336248489885
236409499352
336084147999
236419169668
336248490231
336248490237
336248490239
336248490249
336084148017
236049202555
336248490251
336084148023
335947041010
236419169650
236419169656
236419169658
236006319358
236006319361
236409495782
336248487458
336187498652
236091694752
236409493964
336265244317
236430292655
236430292649
236091694733
336248487032
336084147990
336248487034
236091694712
336248487035
336248487036
336248487039
236091694701
236430292463
336248487041
336248487043
336248487046
236409494987
236409494989
236409494991
236409494994
236409495001
336248487442
236419169667
336255877951
236419172138
236003594274
336255881141
336255881142
336255881144
336255881148
236221801835
336255881149
236419171686
236419171687
236419171688
236419171692
236419171696
236419171697
236419171704
336255877968
336255881153
336255881155
336255881159
336255881162
335860367737
336255881164
336255881175
336255881177
236419172122
236419172123
236419172130
236072533778
236419171685
236221801833
236419171683
236221801832
336255877978
236087318057
336255877985
336084148029
236221801823
236221801827
336255877992
336255877995
236419169677
236221801829
236419170284
236419170289
236419170298
236419170301
236419170304
236419170312
236419170313
236419170314
336255878472
336255878478
336255878487
336255878492
336255878498
236049202544
236419171680
236448938339
336063106263
336187498650
336036087713
336047659214
336045998200
236179051100
236249280277
335846773229
336036096538
236463202886
336109849878
336036092794
336036092788
236254639762
336036092782
336036092778
336036092773
336036092766
336288599482
336288599481
236254639800
236168862862
236168862859
236168862853
236168862852
236168862847
236057015895
236168862838
236254643416
236168862828
336047659215
336047659219
336047659235
336104163121
236463204082
336054952237
336054952236
236029730000
335916213466
236188137104
236188137101
236188137088
336054952194
336054952178
336054952174
236188137081
335846773223
336288602349
336051729564
335846773228
336051729557
336288602564
336051729532
336051729523
236184649036
336288602364
236184649035
236184649034
236184649031
336079140163
236168862822
336036090343
336036090342
336121693682
236168861517
236168861515
236168861511
236168861509
236168861507
236168861502
236168861501
336121693680