336086437687
335958482875
335958482876
335879865673
335958482881
236384193472
236087318133
335958482878
335879865675
336228694228
335958482867
336086437689
335958482888
236087318138
335958482864
335958482865
335958482889
236087318132
335879865668
236384193462
335958482866
335958482887
336228694232
335958482886
236005375381
335958482885
335958482884
335879865667
236044227611
236020833287
236020833286
335863469868
335947041067
236020833254
335863469864
335947041065
236006319404
236098648514
236020833255
236098648515
236006319403
236020833257
236223353189
335947041061
335947041058
236098648517
236006319393
335891227693
236098648518
236098648520
236020833248
335863469870
236030672343
335947041071
335876446096
236098648498
236098648500
335947041073
335876446103
236098648502
236098648504
236098648506
236098648508
335863469871
335947041070
336086437680
236098648510
236098648512
335876446111
236006510064
236006510063
236098648513
236020833259
236020833263
236098648524
236098648546
236098648541
236200954943
236006319365
236006319364
335947041039
236223353185
236098648545
236006319357
236005375391
335863469840
236005375375
236098648548
236098648557
236098648558
335958482841
335958482843
335958482844
335958482848
236098648540
335863469842
335947041049
236020833269
236006319376
236098648525
335947041048
236098648527
236020833268
236098648528
236098648529
236098648530
236098648531
335947041041
335863469849
335863469848
335863469847
335863469845
236098648532
236098648533
335947041044
236098648534
236044220016
336228694209
336228694214
335902188759
335902188764
335961832995
236384193369
335961833006
236102845313
236384193365
236384193364
236384193363
236384193362
236102845315
236384193356
236102845321
336223709383
336223709382
236200954885
236102845331
335902188763
335902188762
335961833011
335961832986
335961832976
236384193379
335961832957
335902188768
236200954895
236384193410
236384193409
236087318113
236102845298
236102845299
335961832947
236384193397
335902188766
335891227680
236384193393
336086437709
236087318105
335961832969
335902188767
236384193385
236384193382
335961833012
335961833019
236087318114
236044227615
335963112333
335862450692
335963112335
236223372514
236104259932
236200954865
336223709336
236200954864
336223709334
236104259936
336223709330
336223709329
336223709328
236200954863
336223709325
336223709324
336223709323
336223709321
336223709318
336223709344
336223709345
336223709347
236044227616
336223709369
335961833022
336223709366
335963112307
335963112310
236223372501
336223709362
336223709361
236044227618
336223709351
336223709358
236223372508
335963112313
336223709355
236200954872
335862450694
335963112319
335963112328
236384193416
236087318117
335958482895
335862450712
335862450717
335958482912
335958482913
335862450716
336228694185
335862450715
336228694184
336228694182
236087318124
335958482914
335958482915
335958482916
336228694176
335862450714
336228694175
335958482917
335902188775
335958482919
336228694169
335958482911
335958482910
335958482907
336228694207
335958482897
236005375374
236005375373
335958482898
236005375372
236005375370
236098648497
335958482900
335958482903
335862450721
236087318127
335862450740
336228694204
336228694203
236044220014
335958482906
336228694195
335862450726
335902188774
335862450709
236102845266
336228694166
335862450703
236102845228
236102845233
236102845236
335891227687
236087318119
236102845238
236384193433
236102845239
335862450701
236200954908
236384193425
236384193424
336086437702
236384193422
335891267021
335862450700
236384193419
236102845265
335862450705
335891227690
236384193442
336228694149
336228694164
335958482922
335862450708
335958482926
335958482931
335958482932
335958482936
335958482938
335958482940
335862450706
335958482943
336228694145
335958482944
236200954912
236384193446
236384193445
236384193444
236384193443
335871483778
335891227707
236098648494
236093856923
336066990522
335952030041
335952030039
336240449860
236093856932
335954367801
336240449855
335954367803
335954367804
336066990512
335954367807
335864119488
236044227597
335954367809
335954367810
335954367812
236006825658
335954367814
236006825657
236223372482
236223372480
335954367819
236093856920
335864119477
236093856888
236032573373
236093856893
335864119480
236093856894
236093856895
236093856896
236223372473
236093856903
236030672342
335864119482
236032573374
336066990532
236044227596
236093856911
236093856912
236093856915
236093856917
236044227598
236006825655
335864119503
335954367845
335954367849
335864119494
236044227600
335954367851
236006825647
335864119496
236044227601
335954367853
335954367855
335954367859
335952030017
336240449835
335952030014
335954367862
335864119500
335954367863
335954367869
335954367876
236006825645
236398857681
236223372488
335952030033
335952030031
335954367822
335954367827
236006825653
335954367828
335864119489
236006825652
335864119490
236006825650
335954367829
335954367831
236398857696
335954367833
335954367834
335954367837
236006825648
335954367839
335954367842
335954367843
236398857684
336241656956
336241656957
236400696284
236093856839
335952030074
335864119469
336241665579
335952030072
336241665578
336241668661
335864119472
236093856842
336241668662
335952030065
236400707352
236093856843
236400707344
236093856844
335864119463
336241668670
236400707336
236400707331
336241668673
336241665582
335891227703
335952030048
336241665589
236223372461
335952030095
335864119465
236044227593
335952030101
236044227591
335952030104
335952030107
236093856828
236223372455
236093856829
236093856830
236093856832
236400711586
236093856834
236093856835
236093856836
336241665596
236093856837
236093856845
236223372463
336241660587
336241660586
336241656971
335891227701
236093856870
336241656966
336241656965
236093856871
336241656963
236032573370
236223372470
236032573371
335864119475
236093856877
236093856878
236093856879
236093856883
236093856885
236400696286
236093856886
236006825665
336241656972
236400700893
236093856869
236093856858
236093856850
335952030064
335952030060
236044227594
236093856851
236093856852
236032573368
336086410132
236093856860
236400700901
335952030055
236093856862
236400700912
236400700910
236400700909
236093856863
236032573369
236093856866
335952030013
335952030009
236006510067
236006510102
236098648474
236044220020
236091694705
236391558050
236098648476
236098648477
236391558046
236006873526
336086437668
336066990458
236091694702
236006510098
335947041099
336086437673
236098648481
236098648482
236223353192
335947041092
236006873529
236098648473
236098648471
236006510088
236098648470
336086437666
236006873519
236044220024
336066990469
236044220021
236098648455
236006873520
236098648457
236098648460
236098648461
236098648462
236091694724
236098648464
236091694711
236098648466
236006873521
236098648467
236098648469
236091694709
236006873530
335947041091
335954367878
335864168639
236006510069
335864168641
335864168642
236098648489
335864168643
236098648490
335864168644
335864168645
335864168646
236098648491
335947041080
335864168647
336086437676
335864168649
335864168650
236032573367
236044227610
335864168652
335864168653
236098648487
335947041085
236006510086
335864168638
236006873531
236006873532
236098648483
236006873533
335864168623
335864168624
335864168625
236098648484
335864168626
335864168628
335864168629
335864168630
335947041090
335864168631
335864168633
236200954954
335864168634
335864168636
236006510079
336248487030
335902190720
336234543521
236006873507
236006825632
236006825630
236093856938
236093856943
236030672341
236006825627
236006825626
236030672340
336086410126
236093856947
236093856948
236006825623
336240449793
336240449792
336086410123
236006873508
236091694779
335954367911
236006873510
236006825635
336066990493
236006873518
236093856935
336240449820
336240449819