336024684226
336024684225
336024684224
336024684223
336024684222
335954367846
335989166032
236158633972
336024684218
336024684217
335989166038
336291021429
336291021427
236200900149
236130557342
236093856889
336024671179
336132718836
336132718837
236047252082
236093856890
336132718840
236130557349
236200900165
336273353069
336024671187
236130557351
236130557352
336132718845
236200900163
336240449828
336132718846
336132718847
236130557353
236200900168
336132718832
236130557383
336132718831
236200900182
236093856887
236200900180
336132718813
335989166069
335989166065
336132718817
236158633977
236200900172
336132718820
335954367871
336132718821
335954367870
336132718822
336132718823
336132718826
336132718827
335916416039
236200900169
335916416049
336132718850
336273353070
236130557358
236050505516
236130557370
236044227659
236158633958
236050505537
236130557371
236093856913
236093856914
236465856381
236093856919
335902199812
335909202983
336240449865
236093856926
335954367865
236050505521
236130557380
236003084999
236130557381
236158633957
336183754263
236158633955
335952030076
336132718852
336240449877
236200900155
336132718856
335989166053
336291021413
336291021416
335989166052
336132718860
236158633954
236158633945
336132718861
236158633949
336240449876
236130557361
236158633951
236130557363
236158633952
236093856907
236158633982
336034000057
236049202542
236091694708
236180640804
236180640803
336108025405
236049202520
236091694710
236119847187
336054952245
236119847186
336054952247
236180640790
236180640789
336108025423
236091694715
236180640772
236180640771
335905423939
336047659223
336194400870
336047659212
236091694723
236180640768
236180640766
236180640806
336108025401
236184649046
336108025397
236184649044
236184649043
236247201884
236184649039
336054952226
336277786738
236184649032
336054952230
236184649029
236184649028
236184649026
236091694698
236247201886
335888442790
336047659253
336108025384
336277786740
236119847202
336108025390
336047659244
236049202539
236091694704
236091694707
236043244238
336045998224
236448938163
236091694725
236126141790
236345112283
336101357538
236119847163
335859166627
236126141793
236119847162
236091694747
236057015866
236345112274
236448938174
236239886849
236345112259
236126141805
236345112255
236126141808
236091694749
336036096547
336036096545
236345112253
336036096540
336036096536
336036096535
236179051103
236179051104
335947041008
336045998195
236119847174
336045998221
336045998214
236448938165
236091694730
236345112286
236091694732
236345112285
336045998197
336045998196
336045998194
236091694739
336045998192
336045998189
336045998188
236119847170
236091694737
236179051113
236179051112
236179051110
236179051109
236179051108
236184649045
236119847204
335863682569
335978243787
236044227613
236188137050
236188137049
236188137096
335978243735
236087318098
335978243792
335916213483
236188137099
236348012444
236188137038
335947041032
335978243733
335978243802
236188137034
236188137033
236247201806
236188137031
236188137029
236247201813
335891514254
236247201814
335978243808
236188137092
236188137060
236184649048
236188137061
335916213476
336054952186
336054952185
336196998837
336196998839
236029729995
336054952180
335978243773
336054952200
336054952202
236223184611
336054952203
336054952204
236044227614
336196998843
236188137080
335978243779
236188137074
335978243780
236188137070
236188137067
236188137064
236188137063
236348012433
335978243811
236188137106
236247201827
336054952214
336051729555
335978243710
336051729546
336051729542
336054952218
336051729538
336051729537
335947041069
236463203452
236057015845
336054952222
336051729524
236006510065
236247201878
336051729521
336054952223
236247201882
336051729517
336051729516
336054952224
236184649053
236184649050
336051729558
336288602583
336051729565
236188137116
236247201828
236247201831
236247201832
236247201833
236188137113
236044227617
335978243726
336108025347
236188137115
336108025352
335947041042
236348012415
336108025364
236188137122
236247201840
236247201845
236247201846
335916213485
236348012424
236188137126
336054952210
236247201859
336036096532
336088203348
236268663484
336087097155
236224076089
236224076086
335984412933
335907541445
335984412937
335952030052
335984412938
236224076074
336063106233
236224076065
336277786756
335984412940
335984412941
236224076063
335984412948
336063106242
336063106244
336063106245
236268663439
236268663442
236268663443
335984412951
236268663450
335984412931
336291021231
236196693583
336087097159
236196693584
236196693585
335952030030
336036087725
236441805551
236126141878
336036087722
335916213549
336087097167
335952030034
336087097164
336063106205
236126141880
236126141881
236168858608
236126141886
335984412919
335984412921
236168858601
335984412922
236119847116
236441805555
336281902888
335952030058
236268663453
336063106248
335984412958
336126967209
335916213575
336126967212
336126967213
336126967214
335984412976
236268663473
236268663475
236268663478
335984412978
336034190497
236268663479
335984412980
335984412982
236268663480
236268663481
236224076042
335952030075
336277786470
236167041921
335984412984
335984412985
236167041913
336126967205
336126967204
336126967203
335984412964
336035801278
236268663461
335984412959
335984412960
335984412961
335952030063
236268663465
335984412962
236268663469
335984412963
336126967187
336126967201
335984412966
336126967191
335952030066
236224076053
336126967194
336126967197
336126967198
335989166138
335952030069
336126967200
335952030028
236126141874
236126141820
336087108296
236091694771
336087108276
336087108275
236224088946
335984412905
236044227605
335984412906
335984412909
335984412911
336087097217
236126141834
335888515880
236126141837
336277786750
336087097211
236196693525
335907541520
236196693527
236126141842
236460390614
236126141843
336285926939
236039793605
236119847148
336087108300
335916213535
335984412887
236126141822
336088203336
336088203328
236057015870
236168865064
335863682576
336088203314
336088203313
236168865057
336088203307
236225349547
236168865052
236168865051
236168865049
236168865045
236126141829
236225349532
236225349531
236126141831
335984412885
336277786745
236091694759
236091694761
236126141845
236126141846
335897887186
236126141848
336082005511
335916213504
236126141863
236460390584
236460390581
335888442768
236460390579
236460390578
236441805425
236126141865
236460390575
335952030015
236126141869
336087097184
336087097183
336082005509
236196693566
236460390563
335916213527
336087097182
236196693571
336087097178
236126141872
236460390587
236460390588
236126141861
336285926923
236196693531
236196693533
236441805414
336277786754
236441805418
236126141852
236126141853
236196693543
236196693544
236196693547
336087097202
335916213497
336087097201
336285926922
336285926920
236126141854
236057015915
236126141855
236126141856
335916213491
236460390594
236441805423
336079140198
336016681135
236044227583
336075932896
236152158260
336075932899
236152158258
236059103912
236066036545
236152158254
336146787369
236152158252
236152158250
335961832979
335961832975
236152158248
236152158246
236152158244
336075932895
336066990473
236152158240
236308753613
335961832963
335961832960
236152158263
335961832958
236102845300
336075948284
236102845301
236102845304
236102845306
336075932902
236102845311
236112537253
236152158274
335961832938
335961832946
336066990468
335961832949
335961832955
236214673503
236421503742
236214673501
335961832978
236152158236
236137594213
236059103923
336066990480
336066990481
236214673491
236102845318
236066036547
336066990482
336086208057
336066990484
236308753595
236152158235
236102845322
336066990487
335860237585
236137594206
236112537236
336066990489
236102845323
236214673488
336066990479
335961833000
236152158212
335961832996
236152158234