335916213492
335916213496
335916213498
335916213503
335916213508
335916213509
335916213519
236057015902
335916213528
335907541450
335916213531
335916213532
335916213539
335916213540
335916213541
335916213542
335916213545
335916213560
335916213568
335916213569
236057015903
236057015897
236057015832
236057015851
236057015834
236057015835
236057015838
335916213465
335916213470
335916213471
335916213481
236057015841
236057015842
236057015846
236057015848
236057015849
236057015852
236057015896
236057015855
236057015857
236057015858
236057015862
236057015864
236057015867
236057015869
236057015873
236057015874
236057015877
236057015879
236057015887
236072533714
236047253875
335976442690
236102845250
236098648493
236098648509
236044220018
236098648544
335958482861
335958482873
335958482874
335958482883
335958482891
236044220015
335958483725
236102845227
335902188769
236098648480
236102845253
236102845294
335961832964
335961832965
236102845329
335902188760
236104259922
236104259923
236104259927
236104259928
335963112314
335963112334
236098648486
236098648479
236104259933
335954367888
236093856916
236093856921
236093856925
236093856929
335954367806
335954367808
335954367816
335954367844
335954367850
335954367861
335954367885
335954367887
236093856936
236098648478
236093856937
236093856944
236093856946
236098093082
236098093086
335902191177
236044220503
236044220478
335902190726
335902190721
236044220025
236044220022
335963112352
236104259934
236093856908
236112537276
236044218231
335966892470
335902188708
335902188705
335902188703
236112537219
236112537223
335902188690
335971072916
236044218220
236112537242
236044218216
335971072942
236044218261
236044218204
236114321196
335972742996
236118111899
236118111903
236118111916
236044218172
236118111926
236118111929
236118111971
335976442679
335976442687
236044218249
236044218266
236104259937
236106357577
236104259940
335963112355
335963112362
335963112374
236104323546
236104323553
236104323560
335963134156
335963134160
236106357557
236106357558
236106357570
335902188747
335966460352
236106357596
335965187001
335965187005
335965187008
335965187024
335902188740
335902188738
236107792125
236107792130
335902188734
335966460347
335966460349
236093856909
236093856906
236047253872
236076854947
335935243294
335935243295
335935243296
335935243298
335935243299
335905423926
335905423925
335935342831
236047252069
335935412238
335935412248
236076854943
236076854950
335905423936
236077843298
236077843313
236047252050
236047252039
335936878299
236047252037
335936926528
335936926542
236079492003
335938575792
236081155730
236081155731
236076353252
335935205918
236081155758
335930943111
236047253869
236047253868
236072533746
236072533748
236047253864
236072533766
236072533773
236047253857
236072533784
236072533785
236072533798
236072533808
335930943118
335935205914
335930943119
335905424012
335930943154
335930943161
335930943163
335930943174
335930943181
335930943185
335930943187
236047252113
236047252110
335905423948
236081155736
335940234224
236093856905
335952030056
335947041047
335947041054
335947041062
335947041068
335947041093
236091694731
236091694753
236091694775
236091694786
236091694787
236091694789
335952030051
335952030077
236087318121
335952030085
335952030086
335952030093
335952030094
236093856847
236093856854
236093856864
236093856873
236093856875
236093856876
236093856892
236093856899
335947041038
236087318120
335940234228
236084819279
335940234229
335940234240
335940234251
236083493965
236044227660
335942848364
236084819246
236084819252
236044227627
236084819262
236084819271
236084819274
335944390474
236087318111
335944390477
335944390487
335944390492
335944390497
335944390504
236087318061
236087318068
236087318070
236087318073
335947041024
335947041027
335947041029
236188137046
336086380955
335891294595
236218466108
236200900143
236210243014
336059741913
236188137093
336066990471
336066990472
236188137091
236030972436
236193067311
336059741915
236030972435
335889648293
335889648292
336066990485
336054952209
336063106261
236210242997
336063106262
236032573380
336082005469
236210242992
236210242990
236193280200
236200900139
336063106265
236030972448
236188137100
335891426729
336059741898
236210269560
236193067309
336059741880
236210269566
336075948320
336059741887
236032733209
236188137118
336075948322
336059741895
335889927357
335889927355
336059741910
336059741901
336075932893
335889927354
236188137108
335889927352
336075932891
236030972454
336059741906
236030972453
336063106258
335891426731
336063106270
336066990490
335889927365
336063106274
336075932871
336066990508
236210242939
236200900132
236032573375
336066990529
336054952193
236196693570
236218466160
336054952187
335891426709
236030703725
336082005476
335891426701
335891426700
236210242933
236196693569
236200900122
236196693567
336082005478
336082005486
336082005487
335891426698
336066939569
335889648279
336075932875
336066990507
336075932878
336059934452
336066990494
236210242989
336066990496
236196693587
336054952208
335889648284
236210242982
236193280203
236196693582
336063106278
336063106279
336066990504
236218466139
335889648283
336063106283
336059934453
336066990506
236196693577
236210242964
236218466134
236218466137
336075932885
336063106288
336075932883
236210269559
236200900159
236032733195
236210269524
336075932935
336066939601
236210269495
336063106203
236189597419
336075932932
336066939591
236189597429
336063106228
336056355927
236210269499
336075932928
236200954914
236210269502
236210269503
236210269506
236210269507
236210269509
236210269511
335891267025
236210269514
236210269515
236210269517
236210269521
236210269522
336075932936
336054952258
336054952257
336075932938
236200954871
336063106223
236200954873
336063106218
236200954878
236210269491
236200954883
236188137123
236032733225
236200954893
336054952219
336054952221
336054952256
236032821191
336054952228
336054952229
336054952234
336066939611
336054952248
336054952251
336054952252
336063106224
236200954911
336054952255
236200954915
236210269525
236193067306
335891426743
336075948268
336075948274
236188137119
336075948280
336075948282
336075932900
236193067298
336075948286
336075948287
336075948289
336075932897
236193067300
336075948297
336075948298
336075948300
336075948301
336075948305
336075948308
336063106253
236193067304
236200900166
336075948311
336075948313
236210269548
236210269550
336063106251
336075948267
336075948261
236193067287
336063106231
336075932919
336066939575
236210269530
336066939572
236200954928
336063106240
336063106241
236210269532
336075932914
336063106243
236210269533
236210269546
336063106249
236210269534
336075932906
236200954936
236210269536
236210269537
236210269539
236193067296
236210269543
236210269544
236210269545
236200900120
236188137085
336066939668
335891227692
236032603687
336059934462
336082005513
236188137069
236196693530
236032538198
336054952177
336082005496
336082005501
335889648274
236196693511
335891294594
236196693517
236196693559
236196693557
236030703689
335891227674
236196693521
335891426726
236032733188
335889648275
336066895561
236196693548
335891227678
236188137083
335889648259
236196693541
335891227694
236196693546
336082005504
236196693522
336082005512
335891294599
335889648268
236196693551
335889648270
236196693552
335889648273
336082005517
236032603689
336059934464
335879865665
236384193452
236005375378
335958482859
335879865659
335958482892
335879865663
236005375379
335958482858
335879865661
335879865660
335958482893
335879865657
236005375386
335958482890
335958482857
335958482856
335958482853
236005375387
335958482851
335879865654
336228694216
236087318139
236005375377
236005375389
335958482850
335958482849
335958482862
236384193476
335958482877
336228694237
236044227612
335958482882
236005375382
335958482870
236200954926
335879865671