236091694793
336240449817
236006825643
236044227589
335864119507
236006825642
236044227603
336066990497
335891227696
236006825640
236006873503
236006825639
236006825637
236006873505
236091694788
335954367899
236006873506
335954367919
236091694778
236006825622
336086410122
236398857648
336086410121
236044227608
236398857643
236044220477
335863682568
236044220476
236091694746
335863682567
236398857640
336086437663
335902190725
335863682561
335902190724
335863682560
335902190723
236091694734
335902190722
336066990470
236091694756
236398857649
336223709314
335863682589
236091694774
236091694772
335863682594
236098093087
236398857662
236006873512
236006873513
236006873514
236044227588
236091694758
236098093100
236044227586
236091694766
335957908530
236091694762
236006873515
335863682581
335891267020
335864168651
236106357587
336223709312
236356498941
236043244255
236043244253
236043244250
236356498957
236356498953
236118111972
236356498946
335976442754
236356498943
236356498942
335976442755
236356498962
335978243695
236356498938
336086437753
236356498933
236119847115
236043244249
236119847123
236043244245
236356498923
236119847126
236200900128
335976442736
336204957416
336204957403
336204957414
336204957413
335901052834
335976442706
336204957410
336204957408
336086437749
335901052832
336204957405
335976442709
335901052824
335976442735
336204957401
335901052822
335976442718
336204957397
335976442720
336204957394
335976442722
335901052811
336204957391
336086437750
236200900126
236356498919
236356498916
236352194630
236356498892
236119847155
236021001087
336200957693
336200957692
236119847157
236119847158
236043244239
236352194632
236352194631
236352194629
236119847131
236119847168
336200957683
336200957682
336200957680
236021001089
336200957675
336200957674
236119847169
336200957672
236021001093
236356498893
236356498896
336086437758
236119847149
236356498914
236119847133
336086437755
336204957389
336204957387
336204957386
336204957385
336204957384
336204957383
336204957382
336204957381
336204957380
236119847136
336204957377
336204957376
236119847143
236119847146
236356498904
236356498903
236021001084
236356498900
336204957415
236200900130
336223709310
236360992865
236360992875
236360992874
236360992873
236360992872
236360992871
236360992870
236118111932
236360992868
236118111933
335901052880
236118111937
236360992877
236118111943
236360992861
335901052878
236021001076
335901052877
335901052876
236360992855
236360992853
236360992852
236360992851
236118111931
236360992878
336204957418
336209224487
236032603686
236118111917
336209224499
336209224498
336209224497
236044218176
336209224492
336209224491
336209224490
336209224489
236118111920
236360992879
336209224485
336209224484
236360992904
336086437739
236360992896
236118111928
236360992885
236200900137
236044218171
236360992882
236021001077
236360992849
236118111953
336204957433
336204957444
336204957443
335901052853
335976442670
336204957439
336204957438
336204957437
336204957436
336204957435
236021001082
335901052848
236118111956
336204957431
336204957430
335976442675
336204957428
336204957426
336204957425
336204957424
336204957423
236200900136
335976442686
336204957445
335901052858
336204957447
335901052859
236360992845
236118111959
236360992842
236360992841
236360992840
236360992839
236360992837
236360992836
236360992835
236118111962
236360992833
236118111965
236360992830
236360992829
236118111969
236356499225
336204957453
336086437743
336204957451
336204957450
335901052866
336200957669
336200957668
336200957667
336196998856
236352194521
335978243724
236030672333
236043244227
335978243732
336086437775
335978243738
335880057495
335978243740
335978243741
335978243745
236352194526
335880057496
236043244214
236032603688
335880057498
336196998847
335978243748
335978243749
335978243756
335978243757
335880057500
236352194525
236352194527
336200957666
236352194552
236352194563
236352194562
236352194561
236352194559
236352194558
236352194557
236352194556
236352194555
236352194554
236352194553
236352194548
236352194529
335978243719
236352194543
236352194542
335880057494
236352194538
236352194537
236352194536
236352194534
236352194533
236352194532
335978243758
335978243761
335978243762
335982023841
236032603694
236123865970
335982023822
236032603697
336086437793
236032603699
335880057512
335982023829
336086437796
335982023840
336086437799
335978243764
236032603701
335891294593
335982051393
335880057514
336196998825
335901052803
336196998821
335880057515
336196998818
335880057517
236032603690
236123865959
236123865956
335880057509
335978243769
336196998836
335978243770
336196998834
335880057504
335978243772
335978243776
335880057506
336196998827
335978243781
335978243788
336086437777
335978243795
335978243797
335978243800
335978243806
236348012434
335978243809
336086437779
236123865954
335880057508
335978243718
236352194565
236352194566
236119847182
336200957635
336200957634
336200957633
336200957632
336200957630
336200957629
236119847181
336200957625
336200957624
336200957622
336200957618
336200957597
236119847183
336200957616
336200957614
336200957613
336200957611
336200957608
236119847185
236119847189
336200957600
336200957599
336200957636
336200957637
336200957638
336200957639
336200957665
336200957664
336200957663
336200957662
336200957660
336200957659
236119847171
336200957657
336200957656
336200957654
336200957653
336200957650
336200957649
236119847173
336200957647
336086437764
336200957644
236119847180
336200957642
336200957641
336200957640
336200957598
336200957596
236352194567
335978243703
236352194602
236352194598
335880057490
236352194594
236119847206
236352194590
335978243700
236352194587
236352194586
236352194585
236352194581
336200957595
236352194580
236043244231
336086437769
335978243709
236043244229
335880057491
236352194573
236352194572
336086437770
335880057493
236352194606
236021001099
236352194609
236119847205
336086437765
236119847194
336200957591
336200957590
336200957589
336086437766
336200957586
336200957585
236043244235
336200957582
336200957578
236352194624
236352194623
236352194622
236352194621
236352194620
236352194618
236352194617
236352194614
236352194613
236352194612
336209224502
236044218177
336209224505
336219847323
336219847334
336219847333
336219847332
336219847331
335902188737
336219847329
336219847328
336219847327
336219847326
335902188735
236223372550
335879982246
335879982248
236223372551
335902188731
335902188728
335902188726
236044218280
335879982252
236044218275
236373067998
236373067996
336219847335
336066939604
335902188719
335965187021
336219847351
236020932179
335965187007
236223372545
335965187010
335965187011
236373068018
335965187013
335965187014
335965187017
335965187022
335902188739
236223372546
236373068010
335965187025
335879982244
335902188741
335965187027
336219847347
335965187031
236223372547
336219847343
236373067994
236044218273
236044218272
236044218232
236044218241
336215773272
236044218238
236044218235
336215773268
336215773267
335966770654
236044218233
336215773264
336215773262
336215773260
336066939588
336066939576
236044218229
236044218228
336215773255
336215773253
236044218223
336215773251
335879982264
335902188725
335902188722
236044218244
236044218246
236044218247
335879982258
236373067989
236044218270
336066939587
336066939586
236044218263
236373067983
236030672337
236373067981
236044218260
236373067979
335879982254
236044218259
236044218258
236044218257
236044218256
236044218253
236044218251
336215773285
236368270401
336215773284
336215773283
335965187002
336066939624
336219847356
236377829177
335963134148
335902188755
236377829188
335963134154
335902188754
236377829183
236377829181
236377829180
236377829179
236377829178
236377829171
236377829158
236377829170
236377829169
236377829168
236377829166
236377829165
336066939651
236223372528
236377829162