236057185059
236287343675
336136762859
236084819282
335871483783
236448937945
335655603368
235999937952
335917968249
335857003816
335916213478
236013515732
335857003819
336200957677
335880057497
335522990844
235999937959
236057475900
235999937972
236006319375
335522990839
236083493895
235688493656
236325870484
335901052784
336167069424
335856865264
236039781073
236006825646
335857144133
335900649359
335871589217
335885069482
335871646422
335855364067
335885069481
335856865268
336257756616
335871682212
335936899757
235995416292
236029653948
236465855937
236002840404
336162308822
335888537540
335958482941
236003144147
236029730018
236003144157
236030703731
236003144175
235999827031
335888442760
236029729989
335871589241
236032573377
336167069414
336291021650
236013625600
235999827039
335885069474
335871682209
236002879199
235998265509
235999868785
335930943107
236072533713
236275061792
236012202470
335855312874
236025450354
335954367860
335855172257
335954367898
335860138767
335855364060
236023633047
236044227666
236025450349
335871483794
335952030091
335881762294
236304345412
335489193436
335869847024
335933471500
236308753630
336158610890
335539014397
236167041929
335976442721
336034190467
236057093074
236118111883
236308756663
336021074602
336034190478
336034190470
236059103914
235824008774
336167069487
335918117193
335918117181
236123865975
335982023844
236223184669
336034190483
236197108688
335982023848
336034190475
236079492005
236167041908
236123865961
236428021269
236189597430
236167041912
236345112260
236441805420
236314036679
236102845234
236441805888
335961832944
236210242963
236448938146
336240449822
236154125260
236044227623
236091694757
236143952081
236200900209
235998125194
236108086949
236210242961
336005620070
236049202496
335532469149
236137594135
236023829944
335809809963
336101357539
336066939647
336075932927
236102845284
336273353255
236200954941
336126967253
236398857714
236184649049
335947041005
236091694736
336101357567
235972475183
336263123231
336086381019
335879982275
336263123230
335860138774
336223709331
335999935936
236013748792
236126141800
335830032018
335984412884
236193067301
336223709297
236072533711
235727478311
335860138769
236143619241
336005128159
236143619280
336086410124
335832208638
236119847130
235728989711
336009823780
336009823754
336009823736
336009823676
236119847196
335978243721
335888442774
236146941760
336066939585
336228694238
336056355922
236143619283
335978243805
236398857652
335860049501
236040908269
336228694144
335901052812
336017230337
336005128191
335905423945
235942179600
336056355931
236210269518
335856865280
335999935904
236428018755
335830032009
236360992891
336204957427
236158624253
336204957419
236137594160
335989166014
335996332262
335996332258
335720207561
335996332253
335996332249
235940449408
336204957396
335996332243
236137594136
236021001088
335790733097
236352194619
336021074614
236352194578
236057015901
335916416044
335995531445
335722168792
236345112279
236352194550
336082005499
236136818318
335990562355
236020833282
335857068690
336082005470
235727478310
236137594227
335927624392
335883094006
335905423954
236140289584
236140289566
236377829173
236223332818
236140289553
236140289510
236022408261
236127384592
236373067957
335907541542
236050505514
336257756594
335909202973
236368270277
335996332325
335985747809
335923988392
336212716043
335996332290
336209224548
236332741355
236129002857
236065948084
335996332268
335923988335
235705676787
335832208642
335930943137
335942848326
235987960598
335846410140
336263125434
335954367890
336123980194
235998125223
335942848369
235987960596
335954367823
236224088934
235987960599
336035801266
236242946946
335842649984
236275061854
235950032261
335869847022
335942848323
236188137026
335940234253
236114321376
236224076038
236083493890
336151170576
335855172255
336151170557
335972743028
236224076060
336151170535
236093856945
236114321331
336151170520
335832208691
336104163139
335832208692
236083493967
335954367915
336053282154
236084819281
236291712060
236239886901
335947041088
236087318131
336054952220
335869988038
335947041063
335869988023
336277786468
335947041052
236012290350
335846410148
236012322946
335846410119
335846410122
236012322941
235636872788
335846410139
235991334292
235991334288
335965187030
235636872793
235998125216
235950032282
335869944537
236441805572
236013515698
236106357591
335863469866
236291712031
235998125204
236279868704
336273353250
335842650002
235988088456
335869944567
335869988050
335832208685
335846410147
236308753632
336162308823
235998265520
236076428668
236308753609
236006825667
236308753621
335936926531
336045998179
335935412244
335561500076
236300119996
336162308808
335855312875
236005282777
336108025412
335855364074
335850344178
335976442698
235994487139
336086437774
336291021645
336086437701
335936878297
236179051082
335863682586
236463204088
235998265517
236308753605
335855172269
336162308783
336045998227
235746800447
335863682579
335855645929
236188137058
336281902874
236225349517
236352194571
336291021409
235964593400
236314036720
235964593369
335916300585
236348012447
335916300584
236136818308
236044220499
335916868772
236400696278
336277786963
336114538571
236332741323
336204957409
236448937929
336204957398
335961832966
236210242966
236210242962
335972743027
335976442742
335655662964
236463200537
336024684219
336114538538
236030703726
335961832989
335526038231
335819368509
335821322770
236119847197
335883296241
236030703734
236356498888
236341383999
335819368491
236341384004
335961832951
335826855802
236143619249
336021074514
336021074533
335888442785
235972475190
335958482930
336101357568
335809809967
236448938166
336066939642
236091694699
236102845270
236180640785
236102845274
236091694728
236091694741
335810199734
236091694738
336021074531
236102845303
336277786748
335952030081
236448938514
236200900118
236044220435
336005620053
336051729539
335883296243
236152158259
335883296268
236200900198
335883296300
236398857691
336045998190
236006510082
236152158295
236200900121
335902191120
336285926928
335961833026
336016681120
236200900133
236029653914
336016681154
336240449811
236098648456
236210242954
236152158312
236210242943
336240449812
236023829962
335954367873
335952030010
236398857724
236155704391
236152158209
335952030024
236049202478
236152158217
335958482901
236455188395
335808816766
335952030053
335532469147
336019159118
236152158229
236384193465
335888442746
235698589850
236275061819
236152158232
236168865068
235698589832
236023829893
236023829902
336005620065
335883296217
335963112323
236152158243
335857144122
336162308844
236137594133
236137594175
236188137071
335989166023
236188137030
236059103919
236345112230
336056355933
236200954888
336167069528
335665367763
236345112237
236304345364
236304345398
335860237580
236304345403
236345112252
236225349524
335982023837
335971072974
236003033455
336273352935
336054952192
236345112276
236345112277
235824008823
236167041922
335918037576
335479828216
235648820540
236126141866
335855172263
236167041926
335615935097
236224075993
335615935117
335615935605
235998265519
336034190482
335855172236
336034190494
335496061373
235998125232
336034190514
336086208005
236130557303
335855312862
235662519883
236020833266
236223184703
335916868767
336021074616
336273353462
236057185074
336194400881
236441805725
336054952217
236441805723
336273353465
336162311898
336021074597
335944390483
335472906001
336194400880
336194400876
236057185065
236308753636
235688974770
335916416033
336273353245
336021074603
336273353468
335916416041
236012322948
236112537222
336273353257
235688974789
336021074605
335483237644
236287343746
335966770652
336047659237
336234543502
236428019391
235694233238
236428021633
335804228615
236391558065
235655460156
336263122168
336054952238
236391558058