236168862849
335855364056
236055643289
235665046261
335846410118
236400719093
236002773211
236200831501
336255884773
336051729533
336066895552
236083493943
236083493928
335966892480
335978243768
236168861513
236077843333
336189375967
236304345377
335942848353
236400719089
235994487137
236217935227
335958136167
335916416034
236107792098
236118111913
335935412240
236074736616
236118111881
335966460342
336086730988
236059163282
336185349528
236149805394
236076353258
236201120262
236149661721
236364818626
236114321290
236093856898
335966892474
236214895401
236242946961
236075201706
236112778538
336167069474
236074736630
235995416301
236419171691
236012322937
236140289512
236059163286
236012322952
336036096542
335976442711
236013706441
236118111949
236223184706
336185349533
236143952072
236072533767
236091694722
236059045062
235688493679
335871646416
236079747900
236419173099
236201120265
235991585151
236419173081
335536607828
236083493946
336082005514
236188137098
336265244328
236087318039
335938843533
336024684240
236029653935
336085052100
335871682225
236057015892
235998265524
335938843535
236055643299
335907541536
236210242981
236055643300
336104163143
336151170578
236377829105
236389636180
335871646431
336177495120
236389636178
236360992856
335942848312
336084147994
335942848352
335961833024
236003615509
236022453161
336162308813
236214895396
235705717442
236322179920
335871646424
336079318363
335857003822
335871682213
336162311911
236389665949
235998307205
235998125208
336067131756
236107792131
335846773216
236083493908
336003456357
335871682218
335870140213
335871589240
236107792129
335961832980
336291021210
236098277906
335966460353
236419171689
335914928483
236076353256
335522786921
236107792122
335846773227
335914928488
236126141827
335954367889
236136818296
236262905654
236206353988
336177495089
336054952240
236079747889
335995531443
236400719095
236373068015
236102845264
335966892481
236017855913
236466047615
236107792107
335972743004
236149756963
236221801836
236107792105
335863682577
335966892491
236197108687
335938843550
236049202524
335938843542
336086208038
236112778527
236106357579
335789557070
236168858583
236318329510
236108281195
336241680562
236409498396
236098648505
335869944581
335966892471
236108281210
335655603407
236389554981
236108281196
236193280190
335938575772
236421501346
236091694765
335851479673
335888515893
335821232255
335851479658
235998307207
335851479665
236000045290
336036092798
336104163095
236242946997
236076428667
335855312861
336273353267
236218466114
236077889353
335925745837
235976544285
336162308779
236059045064
236049202467
335722168803
336273353246
336223709296
236131797184
336047659226
336084148015
336241665574
236197108692
236304345365
236223184682
336070379642
236218466132
235950054399
236214895392
336191306702
236126141813
335870209411
236384193406
336136762899
335961832945
236168861516
336036090311
236155704379
236168861503
335888537541
335855312853
236428019390
236059045072
236112537252
335869988021
336088203327
335966770634
335966460345
336223709332
236373068009
335871589237
335933471484
336167069477
336177495056
236325870509
235998125190
236074736615
336187498654
336066864951
236287343709
236119847122
335917968263
235976544341
335855312866
336255884765
236143952068
236419169637
236126141875
236025450343
236214673507
335522786958
335916416046
236112778545
235998125187
335916213572
335966460336
335976442746
236112778533
335942848286
335907541517
236108281207
236118111968
335966892477
335966892490
236112778529
335971072980
336056378467
236214895410
335870032252
336051729527
236221801820
236400700903
336086437658
236210269520
335790733084
336241668665
236220817212
236239886879
236400719087
236275061832
235705717443
335804252268
335796423995
335888515878
236057015914
335796423912
236398857688
336079318359
335976442691
335976442683
236143952070
235998265523
335722168801
236389665960
236188137117
236221801840
236389636191
335855172229
236389555012
336086380994
335870032248
236368270377
236225349545
336212716068
336121693685
235817004470
236296401057
335958482872
236419173750
236013515706
335905424021
236049202534
236168862830
335857144126
336036092800
335869988041
236210269490
236384193359
335871733045
236047253915
335871682222
236448938148
235821106703
235974934280
236136818303
335665367757
235998125212
335938843536
335995531451
235824008822
335476845856
235943508545
335535307831
236059103922
336036096523
335902199908
336082005484
236049202518
236012202476
335876398222
236025450356
335794836439
335855172239
335938843556
235998265518
335978243793
236123888208
236114321251
236214673472
236006319392
236126141847
335888442754
335804252247
235950054422
236032603681
336146787339
236055643307
335938552621
236079492010
336183754266
336017293590
335961832956
336154762023
236152579865
236079747871
235999868783
236325870445
235995416287
335803904145
236079747876
335907541458
336265244128
335870209410
236287343743
336036092795
236279868729
236341384036
236098277897
236291712076
236275061810
236074736620
335999935934
236187391101
236087318056
335935412242
236098648496
236025450326
236168861510
236067656983
236065992846
336291175553
335966770641
235999937935
335871589221
336162308745
236304345383
335855172235
236108086947
336036096557
336228694154
336036096518
236017172853
335942848354
336051729531
335936926527
236389665955
236210269540
236079747824
236398857713
235998307233
236143952067
335819578552
335819516748
236030972440
236430292460
335900649343
235998265521
235950054398
236136818289
236225349525
336086730975
336215773240
336146787333
236032603685
236168858560
235998125184
335995531439
335804252245
335870032247
336088203350
335860237586
236291712022
336067131748
236200900175
236419169646
335871646425
236138554882
236242946910
336191306712
335907541463
235998125199
335856919250
236400707339
236130557329
336162308772
336273352938
336021074615
335930943158
336240449827
336082005497
236325870429
236013625578
336084147985
335855172247
336056355906
236262905660
335907541489
236221801831
335536521213
336063913307
236214895399
335869944572
236126141857
335987398168
236300119957
336085052109
335860367747
336036087710
335855172232
236421501332
335947041074
335855312873
236098093095
236189623296
336162308777
336011834184
335888515879
236296401052
235702870824
336255884171
336081617303
236400707330
335944390482
236127384594
236077869366
236242946984
335869988036
236118111934
335522990855
235987919727
236029730003
236389665964
236398857658
336104163088
336003456362
336101357532
236242946934
236389665954
335938986778
335855172253
235998307234
336263124306
236329376106
236398857685
335938986790
336263124310
336177495116
335855364061
236441805894
236389665969
336232934680
236409499367
236389555064
236409494996
336248490240
236409499353
236339051127
336233038595
236012439771
235702681570
336248487454
236419172599
336228694156
335952030025
236336956613
236334498541
235705717434
236419173458
336241677205
236419173477
236409498397
235954458348
336177495075
335989166178
236126141876
236214673463
335978243771
336079318358
236119847147
336079318368
335916868777
236217935235
336081617302
236325870450
335976442704
335976442669
236118111954
236220817215
336084148022
336084148025
336084148115
236221801834
235978975719
335971265956
236221801846
335989166035
336072595238
236112778547
336070379634
336036090308
236184649024
236168861499
336021074596
236155704403
236197108683
236055643304
236197108693
336063509554
336063509558
336063913305
336063913315
236146941800
335803904147
236200831502
236200954882
336066990518
236201120264
236138554865
335995531455
336070379630
336085052101
335461170434
336085052107
236325870442
335918117204
335965187012
335871646412
236107792113
236279868725
236107792123
236107792138
335966460346
336090272020
236108281198