236072533809
236428020368
236072533812
335930943108
236428020356
335930943109
236047253855
335930943112
335930943115
236047253854
236002840406
335930943117
336075932916
336086380981
335930943120
336086380974
236002840396
236002840410
236072533792
236072533772
336075932931
236072533774
335860049495
236047253859
236072533776
236072533779
236072533783
236428021222
336075932924
335860049498
336075932923
236002840390
236072533786
236072533787
236002840392
236072533788
236072533789
236072533790
236002840393
236072533791
335930943121
335930943123
335930943176
335905424007
335889927375
336263122195
336263122192
335930943155
335930943156
335930943157
336086380985
335930943165
335860093870
335905424003
335930943167
335930943169
335860093872
336263122163
336263122161
335930943170
335930943171
335930943172
335930943173
335860093873
335930943175
335930943153
335930943150
335930943125
335930943149
236047253852
335930943128
336263122545
236002840411
335930943130
236047253851
236002840412
335930943132
335930943134
335860093862
335860093864
335930943135
335905424022
335930943141
335930943142
236428019393
335930943143
236428019387
335930943146
236428019385
335860093867
335944390489
236345112280
236030672330
236166835014
336101357580
236166834995
236166834996
236189597435
336101357586
236268663508
236166835005
236166835007
236268663504
236166835009
236166835016
336032868378
336056355925
336056355919
336034000035
236268663496
336034000037
236268663493
336034000042
236268663491
336101357595
336034000044
336032868379
336032868377
336032364203
236165575321
336126967220
336126967217
336101357553
336032364205
336032364208
236189623300
236189623297
236165575314
236165575316
236165575320
236165575324
236032821188
236165575326
336056378456
236189623293
236189623286
336056355944
336032868370
236042901729
336056355938
335888442750
336056355934
336101357596
336056355918
336056355907
336035801276
336035801256
336035801257
236029730005
336126967188
236268663472
336035801262
236242946925
236042901721
336035801272
236242946930
336035801277
236042901726
336035801279
336035801282
336035801283
336035801288
236268663452
336035801290
236268663448
236242946936
236268663445
236268663444
336126967192
236032821190
335888442759
236242946912
236167041916
336056355905
236189597415
336034190479
336034190495
236239886919
236268663477
236268663476
236168630377
236268663474
236168630378
236042901724
336126967216
236239886920
236188137306
236042901723
336101357607
336101357608
336054952254
236168630393
336054952235
336126967221
336032364201
335898761922
236165112513
236165112500
236165112501
236165112502
236193067299
236165112504
236165112506
236275061812
236165112508
236165112509
236029730009
236165112514
236239886857
236165112515
236165112516
236165112517
236275061801
236165112518
236193067297
236239886868
236165112522
236193067294
236193067292
236239886858
236193067302
336101357551
236193067308
336059741881
336059741878
236162218059
236042901731
236162218064
236029730015
236162218066
236162218070
236162218072
236162218073
236162218075
336029139824
236029730012
236029730011
236193067307
336029139804
236193067305
336029139810
336029139816
336029139819
336029139820
236193067303
236165112525
236165112527
236193067291
236193067279
336032364180
336032364182
336032364183
236029730007
336032364185
336126967243
336032364186
336126967241
236193067280
336126967239
336032364190
236165112530
336032364191
336032364192
236193067278
336032364194
336056378465
336126967230
335891426741
336056378460
336126967227
336032364198
336032364179
336101357535
336032364177
336032364176
236239886884
236239886891
236193067290
236193067289
236165112539
236165112540
336126967271
236193067288
336126967268
236193067285
336032364164
236193067283
236239886904
236239886905
236239886906
336032364170
236193067282
236193067281
336032364174
336032364175
335888442749
236168634390
335898761921
336059741882
236265291312
236265291327
236265291325
236242946949
336036087724
236265291321
236265291320
236265291318
236040908265
236265291314
236265291313
236265291310
236265291329
236265291309
236265291306
336123980209
236040908264
336123980206
336123980204
336123980202
336123980200
336123980198
336123980196
236265291328
236265291330
236265291388
236265291368
236265291383
236032821194
236265291378
236265291377
236265291376
236265291375
236265291374
236040908274
236265291371
236265291370
236265291366
236265291331
236265291365
236040908273
236265291343
236265291342
236040908270
236265291339
236242946947
236265291334
336036087714
236265291332
336123980193
236040908263
336123980191
236260580415
236029730002
335888442762
236040861285
236242946953
335898706318
335898706315
335898706314
335898706312
335898706310
335888442775
336119706383
336123980190
336119706382
336119706381
336119706380
336119706378
336119706376
336119706375
336119706374
336119706371
336119706370
336119706369
236242946951
335898706323
236188137120
236265291253
336123980189
336123980188
236040908262
236265291303
236265291301
236265291280
236265291276
236265291273
236265291271
236265291269
236265291267
236265291266
236265291265
236265291263
236265291262
236265291261
236265291260
236265291259
236265291257
236265291256
236265291255
236265291387
236265291389
236168858558
236168858580
236040908280
336123980304
336123980300
335898761916
336123980298
335898761915
236168858577
336123980295
336123980294
336123980293
336123980290
236265291434
336123980289
236168858582
336123980287
336123980286
236168858586
336123980284
336123980281
336123980280
336123980279
336036087686
336123980307
236265291437
236265291390
236040908283
335898761919
236268663436
236268663435
236040908285
336123980333
236168858563
336123980330
236168858566
236168858567
336123980326
336123980324
236265291439
336123980323
236242946939
236265291482
236265291476
236168858570
236265291461
236265291460
236265291457
236265291455
236040908282
336123980274
336123980273
336123980272
236265291404
236265291418
236265291415
236265291414
236242946943
236265291412
236040908279
236265291410
236265291408
236265291407
236242946944
236265291403
336123980271
236265291402
236265291401
236265291400
236265291399
236265291398
236265291397
236040908277
236265291393
236265291392
236265291391
236032821193
236265291428
336123980224
336036087704
336123980270
336123980269
236242946940
336123980265
336123980263
336123980262
336123980261
336123980260
336036087693
336036087694
236242946941
336123980240
336123980238
335898761913
336123980235
336123980234
336036087699
336036087700
335898761911
336036087702
336123980227
336029139797
336059741883
236348012393
336140433686
336140433705
336140433701
336140433700
336140433699
336140433698
336140433696
336140433694
336140433692
336140433689
336140433687
336140433681
336140433707
336140433679
336140433678
336140433677
336140433676
336140433674
336140433670
336024671116
336140433665
336140433664
336140433661
336024671113
336024671112
236158624259
236287343691
236158624268
236287343701
236158624271
236158624273
236158624277
236287343697
236158624279
236158624282
236158624284
236029653921
236158624287
236287343676
236287343688
236158624288
336024671105
236287343685
336024671106
236287343682
236287343681
336024671110
336024671111
236287343677
336140433658
336024671117
336024671118
336140433572
336140433584
336140433583
336140433582
336140433580
236224088938
336140433578
336024671129
336024671133
336140433574
336140433573
336024671159
336140433654
336140433568
336140433561
336024671175
236284079450
236284079449
236284079448
236284079447
336024671176
236284079442
236284079440
336140433585
336140433586
336140433587
336140433588
336140433653
336140433652
336140433648
336140433647
336140433646
336140433645
336140433638
336140433633
336140433630
336140433629
336024671120
336140433625
336140433613
336140433609
336140433603
336140433601