236079492007
336146787373
335971265951
336146787350
236304345368
236112778550
236114321278
236112778540
336146787334
235987960614
236084819253
335842649990
335971072957
236225349537
236291712078
335842649991
236291712067
335832208675
236296401075
236106357599
336151170534
335855172261
236224076018
236300119924
236224076022
336151170595
236224076033
235757491645
236118111879
336151170571
236083493925
335665367745
335972742995
335972743013
336151170504
235998307217
236296401172
336087097158
236083493948
235998307218
235998307219
335972743000
336087097194
236225349540
236291712052
236291712045
236279868722
336136762851
335846410137
335947041066
236077869368
236279868745
335947041076
335855172267
236279868733
236077869364
236107792100
336101357529
335971072887
335965187028
236091694729
336101357544
335965187009
236091694745
236091694760
235839024061
335965186996
236106357600
236091694782
336136762854
335966460350
335661173868
235991334304
335971072874
235976544331
335655603394
236291711952
236087318055
235821106711
236304345431
335947041013
336143110257
335947041019
235988088479
236287343737
335655603414
236287343679
335936926530
335966892469
236077889357
236284079422
236239886863
236239886864
335936899770
236279868736
236152158284
335976442750
236400696288
336021074513
235690427592
236400700899
336021074510
336021074507
236155704384
336241656970
236155704382
336241656962
236400696296
236155704374
235690427572
236155704370
336240449888
236022582231
336240449882
336240449856
336240449841
336019159113
236023633062
235949753592
236398857702
336021074520
335881352247
236020833260
235688915888
335496061397
236020833267
236020833284
335879865677
236020932193
336021074555
336021074554
236155704448
336241680576
236021001078
236021001097
335523390934
236021001098
236155704427
236155704415
236155704411
336021074551
336021074546
236400711599
336021074525
236400707358
236400707345
236023829949
236023829959
236154125249
335531183281
236391558048
336009823802
335889611291
236200954922
335530145240
236200954927
236200954947
335531051300
236030972455
336162311892
335891426707
236023829981
236032733208
236032733215
236032733222
335891426712
335822922568
335891426737
235943508554
336005620058
336228694191
336228694158
236001556177
336009823807
335822922527
335822922526
236023829982
335883296275
236200900129
336017215798
336016681204
336016681199
236152158317
336016681148
235948579598
336016681116
236152158296
236152158290
236029653953
236152158245
236152158227
336234543517
336066939594
335821322784
336234543506
236200954881
236148469202
336063106282
236158624269
335898761904
236012322949
335809809954
335869944556
335869944558
335869944571
335809809969
335863469856
235955812595
235955812599
235955812608
336277786474
236448937942
335869944549
336273353469
236187391097
236441805889
236187391100
236012361037
336273353261
236012439767
236012439776
236012439779
335870140204
335863469867
335869944548
336063106269
236006873525
335863682573
335863682575
236466048099
236006825633
336288602958
236179051090
236463203449
335864119481
236006873522
236006873523
335864168632
236448938537
335864168640
336285926918
236460390583
336036096530
335869847007
335804252267
236012290319
236012290327
336277787218
236187391090
335870140205
335819578530
236187391104
336024671226
236189597448
236428020351
236017139577
236161240757
336027755510
336263122169
236193067310
236158633944
236428018786
336059741902
336257757228
236441805567
236421501010
235949980468
236196693553
236196693556
236196693563
236196693574
336024671107
236421499588
236020713584
235658181100
236165575322
336056355917
336263124312
335871646423
236187391108
336054194844
236013515719
236441805417
236013515730
335871483779
236441805415
335871483781
235950032259
336054194850
335478278021
236168630384
335871483791
336054194851
336263125423
335871483802
335862450685
236428022228
236188137109
336263124817
336054952215
235697573646
236146941769
335531485885
335789557074
335789557063
335990562344
236059045050
236059045052
236131797187
335989166208
235702792465
335917968254
335989166079
336191306704
236059103915
236059163294
236223184702
236341384018
236341384015
335918117207
236064418292
235705676779
235705676780
236057093081
236136818309
236137594177
336194400897
335536406820
335914928484
335914928487
235940449418
236356498924
236137594143
236137594125
335995531449
335995531447
236352194531
335916213493
335916213499
335916213521
336196998853
336196998830
335995531440
236348012429
236136818314
236348012397
335922512313
335685883384
335538962678
236129002858
335830032005
236223332848
236223332854
336170014020
235728989694
336086380977
236123944813
335830032021
336086381024
335982023836
236074736618
236223353154
236123865965
236123865953
236123865949
236223353190
236314036649
335933471499
236076310867
336170648782
236223332837
236223332822
236067656966
335923988376
336086208080
335923988403
335539014394
335985747808
336086208082
236329376042
336177495127
236067656975
235720218277
336086208098
236223332778
236127384604
236223332802
335539014408
336177495115
336177495047
236325870492
335857068687
336196998851
335914928472
236049202511
236214673460
336223709278
235942179567
236214673473
236214673480
236377829191
335905423988
335826855795
336219847367
335857144118
335905424023
235940449453
335999935855
236049202483
236049202486
236049202494
335535307821
236373067977
236000045293
336223709285
335999935914
236047252030
336003456355
235943508521
335901052369
235698589790
335901052863
336005128203
336075932922
336075948272
235698589795
236210269555
335902199915
236142445398
336223709367
336000120171
335532469115
335902199890
235972475184
336223709322
335902199904
236368271201
235702681549
335997602336
335909203015
236368270286
235940449433
236138554879
335997602341
236050505611
335997602343
336215773218
236050505612
335909203002
335907541525
336215773235
236000045279
335909203007
235940449426
336215773273
335826855791
236049202532
336209224541
335997602357
335804228606
335804114887
336088203322
235994487122
236119847167
335804228625
335809981428
336053125032
335832208666
335790733102
235976544314
336082005488
336104163137
335985716633
335971072899
236119847112
236210269561
236142445387
335832208663
335823068072
236225349516
236224075984
336005128151
236186123203
235972475163
236218466133
235966026217
236210242924
236218466156
335832208657
336075948293
236118111902
236218466161
335978243752
236123888212
335997602358
335985747802
335832208688
336082005522
236130557318
236200900135
236242946924
236140289525
335802779920
236130557331
235964593401
235976544347
336088203344
335990562342
335789557061
335989166156
235865941727
335804171872
236131988973
236189623288
336027755501
335987426393
335657637673
236140289557
335821232247
336011834192
335722168790
335999935905
236158624278
336005366644
236242946970
236242946969
335986152377
236104259925
336104163086
335986152378
336104163053
236239886850
236128989841
335963112327
335685883374
336079140148
236140289556
335804228623
335876446099
335942848292
235999868805
335924047436
335924047430
236364818696
335492114311
336212716085
336183754328
335869944575
336209224503
335952030044
335923988341
336209224488
335536607826
236360992905
335857068702
335942848334
335536557336
335856919251
335876446106
336241665575
236368270340
236368270365
236022582223
335881635258
236022453116
236325870487
236017891543
236057093070
236400700896
236373067959
236083493918
236049202523
336215773237
335907541501
335876446100
335907541543
335869944552
235998125186
335876446102
335856919253
336241668671
335880057511
235688610832
236087318088
235999827019
236348012448
236287343758
236012361039
336194400877
235688548384
236087318069
236087318058
236348012413
335870209409
335862574144
236348012409
235688493687
236020932149
335944390500
335879865680