336123980299
236265291442
236265291462
336123980312
236455188425
336126967193
336241668663
236268663471
336241668674
236268663466
236268663462
336241668675
236441805557
335864119462
236268663434
336123980332
236455188428
336123980328
336123980325
336123980229
336123980226
336273352924
236460390559
236001681652
236265291304
236460390543
236460390545
236460390547
236460390550
236460390552
335888442761
236265291423
335888442763
236460390564
336285926905
336285926911
336285926913
335859166605
236460390572
336123980192
336123980207
336273352937
336281902900
236265291413
236265291405
236265291395
236006825662
236265291380
236006825661
336281902897
236006825656
236265291348
236265291340
236265291337
236265291333
236265291326
236265291324
236441805550
336109849892
336109849887
336126967215
236247201877
335860049445
236006510089
336288602362
236463203433
336263125439
336263125433
335860049448
335860049450
236002773186
236247201867
336263125421
335863469865
336263125416
236247201860
236247201855
236006319373
336288602353
336288602352
335859166623
336108025424
236247208089
236247208086
236247208083
236247208079
336288602344
236247208075
336108025426
336108025416
236247201887
336108025415
336108025411
236002773145
336108025406
236002773161
236002773177
335888442793
236247201841
236428022229
336108025367
335862450702
236005375383
236428022220
336104163116
336104163110
236242946993
236005375369
236242946988
336288602589
336108025362
336263124833
336104163100
336288602596
236029729993
335862450698
336104163096
336104163091
236005375385
336104163130
336104163133
336104163144
336108025361
336108025360
336108025357
335863469843
336108025350
236247201838
236247201836
335888515863
236247201824
236247201822
236247201821
236247201816
236428022226
336104163145
236005375388
336288602343
336288602338
236247208090
336109849852
336109849863
336109849862
336109849860
336109849856
336109849855
336109849854
336109849853
336109849850
336109849836
336109849848
336109849847
336109849846
336109849844
336109849843
336109849841
336109849839
236249280288
236249280289
236249280293
236249280296
336109849886
336109849880
335863682570
336109849871
336109849867
336109849866
335859166624
236249280320
236249280317
236249280314
236249280308
236249280307
236249280306
236249280297
236463202887
336109849837
336265244321
236247208091
236247208108
336108029270
336108029265
336108029263
336108029254
336108029250
336108029249
236002773133
236247208107
336109849832
236247208106
236247208103
236247208101
236247208099
236247208095
236247208093
236247208092
236249280240
236249280243
236249280248
236249280253
336109849828
336109849824
336109849823
236249280282
236249280278
236463202889
236463202890
236249280276
236249280266
236249280265
236249280264
236249280260
236249280259
236249280255
236249280254
236441805559
236400711612
336146787364
236020833256
335885069489
236001681645
335885069492
336143110277
336143110275
336143110272
236020833258
336281902859
336143110290
336273353099
336273353096
336273353095
336273353094
335864168648
336273353093
336273353090
336143110287
336143110293
236398857653
236455188359
236291711958
236291711950
336273353452
236291711949
236287343764
335879865655
335879865652
236020833285
336143110294
336143110317
336143110316
236020833279
236020833278
236455188372
236020833277
336143110295
336143110253
335885069496
336273353089
336234543509
336234543500
336143110239
336234543501
336281902862
336234543503
336234543504
336143110235
336234543511
336273353087
336234543516
236287343752
236441805571
236287343748
236398857639
236287343745
236287343739
336143110241
236441805576
236391558062
236391558059
236441805585
236441805584
236441805582
336143110250
236006873527
236441805581
236441805578
336143110248
236391558049
336281902861
236441805577
236391558054
236391558055
236006873524
236391558057
336228694234
236291711963
336146787285
336228694180
336146787347
336228694163
336228694168
336228694171
336146787342
336228694172
336146787341
336228694187
336228694206
336146787331
336228694188
336228694189
336228694193
336228694196
236291712085
236291712079
336228694153
336228694152
336228694151
336228694147
336146787362
236384193414
236384193417
236384193418
236384193421
236384193423
236384193427
336146787361
336273353458
236384193437
335879865682
335879865681
236384193449
336228694146
336146787354
335879865679
336228694208
336228694227
236291712011
236384193470
236291712024
236291712023
236291712019
236291712018
236291712014
236384193473
236291712009
336228694212
236291712008
236384193477
336228694219
236291712006
336146787291
336228694224
336228694226
236291712025
236384193469
236384193468
236291712032
336228694215
236291712062
335879865676
236384193384
236291712059
236384193453
236291712058
236384193454
236384193457
236291712050
236291712048
236291712043
236384193466
236291712039
236384193467
236441805570
236287343729
236455188423
236400696293
236400696285
236400696291
336273353068
336132718793
236400696292
336132718786
336132718781
236400696294
336281902873
236400696295
236275061865
236275061858
236275061855
236400700900
236275061850
236400700904
336132718805
335864119479
236287343728
236279868682
236279868712
236279868708
236279868707
236279868701
236279868698
236279868694
236279868683
236279868678
336132718857
236279868677
236279868675
336136762841
336136762839
336136762837
236029653938
236029653940
236400700905
236275061837
336281902876
236268663503
336241665598
336126967222
236400711587
236400711589
236400711594
336281902881
236400711596
335864119466
336241660577
335888442753
236268663492
236400711605
336281902883
335888442755
236455188417
236400711610
336126967223
336126967225
336126967235
335864119474
236275061829
236275061826
236029653950
336281902877
236275061818
236275061814
336241660578
336241660579
336241660580
236275061802
236275061795
236275061794
336241660584
236400707328
236400707348
236279868713
236279868714
236279868716
236284079443
336140433627
335864119506
336140433593
336140433579
336140433575
336140433570
236284079454
236284079439
236001681649
236284079432
236284079428
236284079418
236284079409
236284079408
236284079402
335864119501
336140433655
336140433656
336140433706
236287343678
236006873511
236287343725
236287343721
236287343720
236029653915
236029653920
336240449798
236287343705
236441805569
236287343702
236441805566
236287343696
236287343695
236441805563
236287343680
336136762906
336136762902
236279868728
236279868749
336136762846
336136762845
336136762844
236279868757
236279868754
236279868752
236279868751
236279868748
336136762900
236279868747
236279868742
335864119485
335864119483
236279868734
236279868732
236279868731
336136762847
336136762849
336136762856
336136762862
335864119493
336136762898
336273353080
236398857692
336136762893
336136762891
336136762887
336136762886
336136762885
336136762884
336136762882
336136762872
336136762871
336136762866
336136762863
236400696281
236049202528
236030703681
236032821199
236140289505
236140289516
236140289523
236140289534
236140289537
236043243882
236140289548
236140289561
335999935878
335999935891
335999935916
335999935929
335999935938
236043243854
236142445384
236142445390
236142445392
236142445399
336003456359
336003456361
236143619221
236043243846
336005128121
336005128122
236043243837
336005366631
236143782326
236140289492
335997602361
335997602356
236137594217
335990562346
335901052321
335901052315
335901052312
236136818312
335995531456
236137594146
335996332256
236137594155
236137594158
236137594167
236137594201
236137594231
335997602337
335996332277
335996332281
335996332298
335996332299
335996332301
335996332305
335996332316
335996332324
335996332326
335996332329
335996332332
236138554856
236143782327
236143782330
236143782331
336019159100
336019159019
336019159026
336019159033
236154125224
236154125245
236154125247