336036096517
236186281937
336036096533
235950054418
236186281922
335804228641
236168865077
335804228633
335804228628
336051729561
336036096564
336053282133
236179051106
236179051111
336045998184
336045998201
336045998223
336047659221
236180640787
335804228618
236180640800
336047659259
336053282130
336053282134
236187391105
335809809950
236168858579
236187391103
236168858587
235964593389
235964593376
236187391098
235964414898
235950032264
335809809968
235950032270
235955511343
336053282137
336053282156
236168865043
236168865054
336053282152
236168865062
236168865066
336053282146
336053282145
235950032284
336053282142
336056355945
336056355946
336028072527
236154125257
236200900138
335821232253
236154125220
335802779931
336019159008
336019159021
336019159025
336019159057
236154125242
236154125252
235949753574
236200900158
236154125274
336019159087
336019159110
336019159112
235949753596
236155704373
236155704377
335821232245
336021074521
335803904170
335821232254
236200900164
336028072516
236200954931
236146941751
335797733192
236146941786
235943508566
236146941793
236146941803
235948579584
336009823672
336009823729
336009823740
336009823746
335863682571
336009823763
336009823778
336009823785
336009823789
235967364300
336011834201
336066939596
335821322778
336066939584
336066939574
336021074539
236155704428
235949936304
236193067312
336024671119
336024671126
336024671131
336024671171
336024671194
336024671195
336024671218
236196693520
236196693512
336024671222
336024671223
235949936317
336024671230
336024671231
235966026204
336059741877
236160997613
236160997618
336028072506
236193067293
336028072511
336028072514
236196693565
336024671115
236196693576
336024671104
236155704439
235949936320
336021074583
336021074586
335804114889
336021074591
335821206582
236158624233
236158624239
236158624243
236158624246
236158624249
236158624252
235949980399
236158624258
236158624261
236158624262
236158624276
336063106252
236158624281
236158624283
335976442666
335832208668
336086437802
236087318053
335944390503
236291712017
236291712012
235998125202
236087318040
236087318049
236291711961
335655603406
236087318051
336143110326
235998125198
335944390493
336143110236
335947041020
335947041026
335947041028
236087318079
236087318082
236287343704
236287343692
236287343690
236087318091
236291712026
335944390491
236087318097
236084819280
235998125225
235998125222
335942848362
336047659256
335942848379
236084819251
236084819259
236084819265
236084819278
236291712081
236084819286
236291712040
236084819287
335944390467
236291712063
335944390468
235998125206
236291712049
335655603384
236291712046
335944390486
335944390490
236087318092
336140433685
336146787348
236275061809
335952030016
335851479677
335952030067
335952030082
335952030090
335952030099
335952030100
236093856831
236093856838
335657111650
236093856897
236091694798
335851479675
236093856922
335851479674
335954367818
335954367841
335954367854
336123980283
336123980237
336123980231
335976442653
236091694801
236091694784
336140433683
335947041057
236087318112
236284079444
236087318122
236087318123
336136762904
335947041034
335947041040
335947041051
335947041055
335947041056
335947041060
336136762842
335947041072
335947041079
335947041086
335947041095
235818165426
236279868723
335947041098
236091694769
335851479682
236091694781
336146787345
335942848336
335954367864
336154762008
335855312864
335940234227
236300119977
236300119976
236300119970
335586642854
236300119946
236300119943
335940234243
336154762010
236083493878
236300120010
335586664188
236083493881
336151170605
335586664190
336151170602
336151170598
236083493882
236083493889
336151170586
336151170579
335855312868
335938575779
236083493891
236304345396
235757426984
236077889350
335936926532
236304345439
236304345430
236077889364
236304345406
335936926537
335936926541
335936926543
335586576832
335586576869
335586576855
236079472072
235998307231
335586576860
335586576867
236079492002
336154762061
236079492008
335938575771
336154762028
235757520271
236083493899
335942848333
335942848281
236296401146
236296401144
236296401140
236296401131
236083493962
236296401125
236083493964
236083493972
236083493973
335942848280
335942848282
236296401150
335942848294
236296401056
335942848303
335942848306
335942848309
335942848311
335942848318
335942848325
336146787359
336146787356
236296401148
236083493944
235757520273
236083493930
336151170564
236083493900
236083493906
336151170549
336151170547
235757520275
336151170539
335855172246
236083493929
336151170533
336151170515
236296401159
335855172241
236083493935
236083493936
236296401177
236083493937
236083493942
236296401170
335586683539
236296401166
236296401164
236265291345
336123980225
335851479667
235991334327
235994487117
236239886902
335846410152
335846410141
335846410136
235991334329
236239886887
236239886885
236239886883
235991334328
236239886877
235994487118
235991334322
235991334320
236239886870
236239886869
235991334302
236239886860
236239886855
235991334298
335846355142
335842839280
236239886909
335965187029
335842839230
336101357579
335657637708
336101357601
236106357564
236106357566
236106357567
236106357568
236239886915
236106357572
236106357576
236106357582
236106357590
336101357530
236106357593
335965186998
335965187003
335965187006
336101357549
336101357548
235994487129
336101357543
235994487127
335965187023
335842839267
235988088502
236104259938
236118111919
335972743016
236224076067
236224076062
335972743025
236118111875
236118111889
236118111898
236118111908
335832208681
335832208680
236118111925
236224076078
236118111927
335832208677
236118111938
236118111942
335665367776
335832208671
235839024054
235839024058
235976544339
235976544316
236114321344
236114321324
235988088485
335971072976
235988088462
236112537186
335661173876
335842650000
335971072888
335971072894
335971072911
335661173897
335971072924
236112537249
235824008746
336087097166
335842649986
235987960602
236225349521
335842589441
335842589433
335842589414
235987919747
235987919725
236224088927
335832208694
335954367880
236104259944
236104259930
236098648507
336114540592
336114540589
236254643440
236254643428
236098648463
336114538613
336114538584
236254639826
335850344189
336114538566
336114538552
336109849885
336114538548
236098648519
336114538531
236098648536
335958482863
236254639747
335958482879
335958482923
335963112346
336109849891
236098648458
336114540604
336114540607
336114540614
236265291272
335851479660
335657111653
235995416298
236098093103
335957908521
235818263674
335957908527
336119706333
336119706311
336119706292
336119706272
335850344199
236260580299
236260580293
236260580291
236260580267
236260580256
236260580223
336114540636
335850344196
336109849890
336109849900
335958482925
335961832961
236247201869
335961832977
335961833004
236102845327
336108025354
236102845328
235818263695
235994487135
235818263698
336104163131
336104163119
335963112305
335963112308
335963112309
236104259912
236104259916
335657287928
235818485578
235818485579
236104259926
335963112312
335963112320
235818485599
336109849872
235994487141
336108025398
236102845296
236249280318
236249280312
236102845255
236102845259
336109849858
335850344182
336109849851
335961832943
336109849827
236102845268
236249280270
236249280245
236249280241
236102845309
335850344177
236247208082
335961832942
335863682564
336240449825
336075932930
336009823722
335902199869
236043244207
335947041036
335871733030
335489193453