336240449791
236247201843
336240449807
236322180670
336240449829
236314036685
236308753637
236400696297
236308753604
336241665581
236308753596
336108025369
236023633058
236304345427
236304345402
236260580283
236398857669
236398857651
236300119959
336104163105
336136762878
336209224538
336200957673
335880057507
236373067978
336223709372
236384193440
336228694218
236332741343
236332741295
335871483790
236332741265
236242946952
236022453124
236389636193
236325870494
336233009132
236300119992
336212716035
236296401088
236296401143
336132718790
236030703693
236006510078
236291712036
336132718774
236291712064
336146787349
336146787289
336143110322
336146787382
236223184623
336143110258
336151170574
236291712016
236296401147
236279868671
336151170526
236006319362
336143110285
236006319384
335863682582
336143110291
336151170509
236006319400
236428021280
236428021271
236345112296
336263123805
336143110279
236419169651
336191306706
335976442692
336255884769
236287343754
335971072931
335971072897
236108086938
236108086941
236419173090
236287343686
335966770638
335966770639
335966770649
335966770656
236356498898
236200803326
236287343693
236352194596
336196998860
236112537185
236334498537
336255877960
336180455729
336255884169
236188137102
336126967196
236304345413
336047659222
236180640786
336108025420
336024684229
335888442752
236168858600
236023633049
336036087706
336255884791
336054952195
236108086937
336255884797
236428020354
236325870459
336177495034
336255884192
336036090334
336255878477
236419170307
236428018731
236419170296
236168862829
236143952060
336132718842
236419170294
335891426703
236188137094
236108086955
336255882705
236398857680
236400723671
236074736635
335933471497
236075201703
335846773225
336285926892
336285926891
236076488853
336277786981
336240449853
236398857701
336075932908
236389636187
336240449824
336240449814
336240449810
236430292457
336240449801
236398857675
236044227678
336277786741
236391558056
236079886827
336233009120
335933471482
236074736632
236072533795
236214895407
336291176367
236057015822
335907541475
236409495783
236466048093
335907541443
236057475896
236059045060
335917968243
335917968247
335917968252
335917968255
335917968256
335917968262
335917968268
236059045071
236059103921
236059103927
335924092915
236067656949
236067656958
235991585163
336255881934
336277786479
336277786759
236441805886
236441805407
336255882665
336273353236
336265244329
336265244323
236441805401
336265244318
236223637356
336066939630
335961832971
236430292653
336215773250
336265244334
236430292647
236441805731
336265244115
336232934676
336265244126
236223637368
236430292643
236441805715
336223709378
336223709353
236428021623
335930943160
336151170566
335802779925
335898761902
335930943104
336223709290
335907541534
336212716048
236345112243
335924047443
336248490245
335918037580
236020932172
336215773281
336228694233
335916213565
236104323547
236465856387
335963134155
236352194540
335905423970
236168630394
236131988972
335990562340
335990562341
236148469194
236091694776
336011834178
236332741332
236409499356
236044227634
236421501031
336177495042
236140289550
336177495113
236391558061
336005128136
236325870497
236131988982
236128989852
236042901733
336011834179
336187502283
236043244213
335982023834
336263123222
236076310858
336241677210
335935205921
336021074567
336162308762
236123914786
236076428660
236127384587
335985747803
236308756647
336011834180
236043244237
336086208009
336053125031
336086208044
335860313921
236223637351
236223637362
335889927370
336085052113
336255882658
236003085000
336255881907
335860313906
336084148012
336066939578
336104163097
236032821197
236069443201
236072533722
236146941788
336086410113
336196998842
236072533707
236072533710
335905423984
335891294605
236072533731
236225349534
236112537199
236072533750
236072533775
335971072893
336277786460
236142445397
335971072898
236083493894
236140289552
335938986788
335938986781
335860237594
236083493938
236247201834
236029730001
336162308806
236049202462
335947041035
336021074522
335889648280
336212716056
336051729525
336051729528
236308753614
236308753619
236152158315
236152158241
336209224482
236364818676
236441805421
236218466154
336162311909
236029729984
236084819257
335976442725
335942848356
236223184620
335996332328
335938986779
335905423982
335905423994
336051729520
236126141884
236079886814
236118111948
236047252086
335984412904
236047252085
236079886812
335864119470
236079886804
236398857629
336240449878
236334498549
336185349532
335891368014
335978243746
335978243739
236079492006
236047252046
335978243704
336187498649
336086208018
236210242936
236006873502
236077889360
236032669063
335976442747
335976442713
236118111930
335984412934
335984412949
336086208002
236032669047
335990562345
335990562343
335905423972
336079140167
335860237592
335990562338
236079886820
236131988974
335972743024
236118111894
236131758364
335989166046
335984412973
236049202530
236214673486
335989166009
236118111915
236129002869
236006825660
236079886816
335905423934
335985747810
335891368023
236002840397
236118111923
236049202471
335942848374
235998125210
236168865056
336219847354
236057015836
335958482918
336036092808
335958482921
336036087712
335907541467
336036092787
336036092809
335907541466
236168862831
336126967254
236168865059
236003144161
236168862832
236057015863
236057015865
236168862833
335898761898
236268663483
336036092786
236168858590
236268663482
336036092785
336036096521
335907541461
336143110327
335907541519
236168862823
236168862821
336036092802
236275061817
236200954897
335952030103
336255884178
336036092805
236275061816
335860138764
336036092799
335958482894
336132718803
335907541527
236049202502
336255884177
335958482904
236168862816
236002879236
236168862817
236168861500
236168861498
236168862818
336036092792
236049202473
335907541474
335885069467
236102845251
236049202507
236419173487
335961833015
335916213543
236168630379
335916213547
336036092771
236168862854
236168862855
236168862856
236168862857
236168862858
236049202493
236049202543
236049202489
236168862864
336036092767
335900649345
236168862866
236049202541
336036092769
336036092764
236049202537
236091694763
236184649054
236049202481
236003084988
236049202476
336036096560
336036092801
335961833010
236168858571
335907541491
335961832973
335952030036
336036092780
335898761918
336215773266
335907541496
236168858557
236102845289
236049202545
236029653937
236168862844
236409498884
236079886807
336086380995
236079886819
336255882663
236098277904
335902199898
236079886818
236098093091
236223372526
236419172585
336234543505
336223709373
236206353984
236223372560
236003144159
336072595224
336223709339
336223709305
336248489455
336248489454
236206353987
336248489458
236098277902
236389303835
336233038587
336232934650
236389555073
236441805424
336248489883
336232934643
335942848355
335942848350
336232934656
336255882672
336067131738
236409498895
336232934674
236223372474
336232934714
336232934715
236389303819
335952030029
335952030027
236409499357
236389555043
336067131741
236389303834
236389555036
236389555032
236389555027
236204171427
336232765582
336232765581
336067131753
236091694764
236204171425
336232765579
336232934732
336273353084
236204171434
336233009127
335952030096
336233038585
236389665968
336070379648
236079886828
236389665966
236409498887
236409498890
236389665957
236389665951
236389665950
236389636201
236409499360
335938986798
336233009125
336232934734
236223353161
336233009118
335860313908
336233009116
236389636195
236389636194
336070379643
236409498892
236441805903
236409498894
336070379635
236083493969
336255882664
236389564810
336070379647
236279868724
336072595235
236409495005
236409494981
235991585148
236409494983
236409494990
336082005475
236409494993
236409495004
236409495010
336255881944
236049202453