336277786982
236112537263
236322179937
236368270318
236112537260
236112537258
236112537256
236112537255
236137594187
236448938513
236112537248
236112537245
236112537244
236136818319
236136818300
236136818294
335971072943
236112778528
236112778525
236112778523
335990474575
236131886379
335971072975
335971072973
335850344194
335971072969
335971072966
336277786978
335971072962
335971072960
236332741256
335971072955
335971072954
335971072953
335971072952
335971072951
335971072948
236329376093
336177495106
236137594197
236448938518
335971072901
236368270354
336174065786
335997602338
236138554863
336174065772
336174065768
236047253884
236138554881
335997602340
335971072882
335997602347
335997602353
335902188691
236067656950
335997602355
335997602363
336277786456
236448938527
236067656955
236112537229
236067656956
335971072900
336277786457
236112537239
236322180512
236112537237
336177495005
335971072932
335902188684
236325870440
335971072928
335971072927
335971072926
236325870432
335971072921
335971072920
335971072919
335971072917
336174066475
335971072915
236064418297
236322180681
236368270343
236322180672
335996332307
336174066388
336240449803
236049202468
236057475915
236200900174
236030672328
236465856383
335909202990
236465856388
236003084998
336263123214
336263123213
236050505632
335902199814
336291021432
336291021433
336086437746
236200900134
236030672334
336263123211
236428020366
236200900140
335860313909
236200900142
236200900150
236200900170
236465856380
336291021424
336291021423
236032733197
335909203020
236224076012
336063106290
336063106291
236044227642
236032733198
336087097144
335891426706
336087097142
236032733186
336291021422
335942848315
236224075995
236044227652
336291021412
236044227655
335860313918
336263123217
336291021417
336263123216
236200900173
335902199824
236200954868
236200900188
335902199843
236223372555
336066939593
336066939598
335902199844
335902199846
336066939599
336066939607
336066939617
336066939621
336066939623
236223372542
336066939625
236223372536
336066939631
336066939634
336066939645
336066939655
336263122543
336066939657
336263122540
336066939583
335902199841
236200900217
236200900202
336086437712
335902199826
236200900192
236428020345
236200900193
236200900196
236200900199
236002840407
236200900201
336263122554
236200900215
335902199829
236200900207
236200900208
236200900210
236200900212
236200900213
336263122551
335902199840
236200900214
236224076016
236224076025
336263123232
236224076036
236225349513
236225349510
335860049467
236428021653
236225349507
236225349504
236002773192
236465855924
236428021639
236428021637
335944390496
236428021635
336087097227
336087097222
335944390480
236196693507
236196693509
236196693510
236196693514
236196693515
336087097214
236087318032
236225349520
236225349538
236428021951
336101357562
336101357550
335947041009
336101357541
336101357534
236044227625
236239886892
236239886882
236239886871
336288602949
335860049461
335930943102
236428021948
236465855918
336088203342
336059741888
336088203333
336088203325
236087318044
336088203310
236196693519
336087097212
236196693526
236224076059
336063106222
236224076088
236465855939
336063106232
335860367729
336063106236
236428021242
236224076064
335860049496
236428021234
336087097152
335860049497
236224076056
336063106250
236224076051
236044227635
236224076047
236224076046
335942848349
236224076040
336263123767
336063106219
236428021281
336087097193
236084819273
236196693534
236428021260
336263123794
336087097204
236196693542
336087097197
236003594278
336087097195
236196693561
336263123773
336087097175
336087097173
336263123781
336063106206
336087097162
335907541487
336291021223
336087097160
335909203038
336066939658
236223372512
335860049456
336291175561
336075948306
335936878267
236466047076
236077843334
336086208093
236466047079
336086208074
336086208065
336075948318
336086208058
236421499597
336291175547
336291175551
335909202985
236030972458
236030972457
336257756591
335909202977
336291175560
335909202975
335935412247
236223332772
335936878284
236223332774
236223332834
336075932920
336075932926
336086380951
336086380942
335936926534
336086380932
236223332847
236074736622
236223332838
236047252118
335936878287
236074736631
336075948265
236223332805
236223332796
336075948288
236223332785
236077869359
236223332783
236466047075
335935412246
236030972446
236465856915
335933471495
236223184637
336257757013
335907541508
336291176365
336291176366
335907541500
236223184630
336291176369
335905423937
335907541495
236049202513
336291176371
336291176373
336291176374
236049202521
336291176377
236076310852
335934018591
335934018590
236049202533
236030703685
236466048100
336082005520
236466048094
335889611278
236030972445
236466047599
236030972438
236466047602
236466047603
236047252077
236466047604
236047252078
236218466097
336291175915
336082005495
335907541535
236218466135
236421501028
236223184691
236223184688
236223184678
336291175926
335907541529
336257756997
336075932904
336086380999
236077889369
335860138748
336066990459
336066990461
336066990462
336066990465
336066990466
335902199853
336291021631
336291021635
336066990488
236223372495
335902199855
336066990491
336066990495
336066990499
336066990500
336066990502
336066990503
335902199866
336066990505
236223372485
336066990527
336086437670
236200954955
236200954952
236200954910
236465856917
236200954880
335902199850
236200954884
236200954889
236200954892
336086437706
236200954900
236200954901
336086437691
236200954948
336086437690
236200954917
236200954919
236465856919
236200954923
236200954934
236200954938
335860237596
236200954944
336263122197
336291021638
236223372469
236210242973
335938575776
236210242960
236210242969
236428018801
236210242970
335860138771
236428018771
335902199892
335902199893
236210242976
336075932880
236210242977
236050505548
236050505547
236210242986
236210242993
336086381004
236050505541
236466047060
336086381000
336075932882
336263122156
336291021643
236044227664
336291021652
236223353186
335902199882
236223353181
236465861113
335902199886
236465861124
236030672344
236465861125
236044227665
336075932877
336086410101
236044227668
236210242921
236210242930
236210242935
236223353152
335860138781
336075932873
336263122158
336101357576
336291021226
236268663455
336034000054
236441805560
236400711602
236400711603
236268663494
335952030088
335952030087
236268663489
336034000045
335952030080
236268663486
336126967206
236268663507
236168630396
335952030068
236168630407
336126967190
236268663467
236268663464
336035801274
236268663457
335952030059
336035801289
236166835012
236166834997
236275061808
336126967262
236093856856
236093856855
335916300588
335888442748
336126967279
236165112537
236093856849
336126967267
236441805561
336126967263
336126967259
236268663514
336241665587
336126967228
336241665597
336032364202
236400711584
236268663535
236268663525
236400711592
335916300575
236268663518
236455188426
236268663438
236006825666
236254643433
236460390590
335952030008
335952030007
236091694797
236091694796
236057015911
336285926933
336285926935
236006825624
236441805409
236044227604
335952030046
236057015889
336288599487
236006825621
335863682595
335897867218
336288599495
336265244326
335859166621
236039781065
236039781064
236044227602
236460390589
335916213511
335916213512
236044227595
236265291411
335916213558
236168858602
336281902896
336036087708
336281902898
335916213550
335952030032
236265291323
336036087726
236265291315
335907541447
336281902908
336273352933
335952030022
335952030021
335952030019
335952030018
335916213518
236460390567
236093856857
236275061813
236039781061
236398857698
336136762897
236398857687
236158633989
236158633994
236057475904
236057475903
336024684238
335864119491
336024684239
236398857697
336027755497
336024684221
335954367826
336136762869
336136762867